1 0.81786 0.08733333333333333 0.014060000000000001 0.0625
1 0.79018 0.12420833333333332 0.009439999999999999 0.033666666666666664
1 0.77518 0.9679583333333334 0.020980000000000002 0.06408333333333334
0 0.24024 0.96875 0.08006 0.0625
0 0.023600000000000003 0.8541666666666666 0.047200000000000006 0.22758333333333333
0 0.54214 0.8958333333333334 0.09322 0.20833333333333334
0 0.39868000000000003 0.4030416666666667 0.06296 0.13941666666666666
0 0.19332 0.07854166666666668 0.07851999999999999 0.080125
0 0.99454 0.71275 0.01092 0.060708333333333336
1 0.76282 0.16425 0.00788 0.03795833333333333
1 0.76836 0.13325 0.00766 0.042583333333333334