0 0.02228 0.28479166666666667 0.04456 0.09175
0 0.31013999999999997 0.4038333333333333 0.11044 0.10520833333333333
0 0.39938 0.3872083333333334 0.06714 0.15266666666666667
0 0.09448000000000001 0.8266666666666667 0.07628 0.21358333333333332
0 0.17458 0.8140000000000001 0.06409999999999999 0.18195833333333333
0 0.25830000000000003 0.796625 0.07890000000000001 0.19775
0 0.2547 0.96475 0.07412 0.07050000000000001
0 0.43582 0.9350833333333333 0.07792 0.12983333333333333
0 0.3447 0.7669583333333333 0.07398 0.16058333333333333
0 0.6150399999999999 0.8919583333333333 0.07412 0.21604166666666666
0 0.54498 0.674375 0.07966 0.16216666666666668
0 0.37662 0.5454583333333333 0.0986 0.11391666666666667
1 0.8909600000000001 0.3335416666666667 0.01688 0.063125
1 0.855 0.267 0.012119999999999999 0.062375
1 0.6931 0.054000000000000006 0.01026 0.05475
1 0.7253999999999999 0.061625 0.01282 0.06691666666666667
0 0.75788 0.013291666666666667 0.05142 0.026583333333333334
0 0.9325800000000001 0.056666666666666664 0.053200000000000004 0.06770833333333333
0 0.9959 0.71875 0.00818 0.043250000000000004
1 0.72996 0.13395833333333332 0.010960000000000001 0.05358333333333333