0 0.02998 0.4959166666666667 0.05056 0.16275
0 0.11176 0.5210833333333333 0.04324 0.16391666666666668
0 0.05584 0.8875833333333334 0.06972 0.22483333333333333
0 0.14968 0.870625 0.057280000000000005 0.21429166666666666
0 0.18424000000000001 0.4994166666666667 0.061200000000000004 0.15341666666666667
0 0.46212000000000003 0.768125 0.07162 0.198125
0 0.32598 0.479625 0.05398 0.13858333333333334
0 0.39976 0.4330416666666667 0.05292 0.11908333333333333
0 0.95948 0.047875 0.03282 0.058291666666666665
0 0.07632 0.16058333333333333 0.0857 0.07495833333333332
0 0.24644 0.14250000000000002 0.083 0.09070833333333334
0 0.3526 0.12679166666666666 0.06786 0.075875
1 0.22876 0.6120416666666666 0.022359999999999998 0.06408333333333334
1 0.06666 0.5685833333333333 0.01302 0.06625
1 0.5686599999999999 0.5332916666666666 0.01416 0.063
1 0.6737000000000001 0.420875 0.01158 0.04016666666666667
1 0.7451 0.5854166666666667 0.0103 0.058666666666666666
0 0.9312999999999999 0.9695416666666666 0.0636 0.06091666666666666
1 0.35406 0.04541666666666667 0.01284 0.04633333333333333
1 0.65814 0.023166666666666665 0.00966 0.0445
0 0.34516 0.26091666666666663 0.07690000000000001 0.080625
1 0.6377999999999999 0.38641666666666663 0.01192 0.053875
0 0.40227999999999997 0.17024999999999998 0.07704000000000001 0.08554166666666667
0 0.5588200000000001 0.19162500000000002 0.0846 0.082
0 0.7404400000000001 0.11454166666666667 0.06366 0.0615
0 0.83048 0.021833333333333333 0.04266 0.043666666666666666
0 0.90926 0.005208333333333333 0.03832 0.010416666666666666
0 0.6819400000000001 0.08745833333333333 0.05356 0.072875
1 0.91588 0.4683333333333334 0.00696 0.041749999999999995