1 0.91692 0.7769999999999999 0.01874 0.06683333333333333
1 0.92464 0.5584583333333334 0.015 0.07320833333333333
1 0.68432 0.2944583333333333 0.00664 0.03125
1 0.67884 0.27770833333333333 0.0081 0.05258333333333333
1 0.66842 0.2765416666666667 0.01066 0.06704166666666667
0 0.6791200000000001 0.08333333333333333 0.057460000000000004 0.06508333333333333
0 0.7692 0.12141666666666667 0.059340000000000004 0.058708333333333335
0 0.8429 0.021416666666666664 0.046 0.042874999999999996
0 0.92822 0.0385 0.036840000000000005 0.04045833333333334
0 0.9186 0.0029166666666666664 0.02696 0.005833333333333333
1 0.49451999999999996 0.005333333333333333 0.0038799999999999998 0.010708333333333332
0 0.41324 0.17920833333333333 0.08036 0.081375
0 0.39208 0.12400000000000001 0.06408 0.07941666666666666
0 0.28676 0.12058333333333333 0.09244 0.11333333333333333
0 0.15913999999999998 0.21745833333333334 0.08826 0.08620833333333335
0 0.0815 0.16275 0.08642 0.06974999999999999
0 0.1782 0.4974166666666667 0.052 0.11333333333333333
0 0.2821 0.47608333333333336 0.06082 0.13270833333333334
0 0.35558 0.4654166666666667 0.055240000000000004 0.126875
0 0.41182 0.45041666666666663 0.05058 0.12591666666666665
0 0.019379999999999998 0.8964583333333334 0.038759999999999996 0.1985833333333333
0 0.18216 0.8562916666666667 0.0562 0.22279166666666667
0 0.46972 0.9644583333333333 0.054 0.07108333333333333
0 0.40486 0.7962083333333333 0.06456 0.19954166666666667
0 0.5562 0.721625 0.05664 0.19954166666666667
0 0.9936200000000001 0.784125 0.01274 0.05716666666666667