0 0.027379999999999998 0.8484166666666667 0.054759999999999996 0.19479166666666667
0 0.1315 0.8117916666666667 0.06912 0.22970833333333335
0 0.2939 0.9695 0.07844 0.06095833333333334
0 0.60814 0.8929583333333333 0.06712 0.21408333333333335
0 0.54384 0.6654166666666667 0.06581999999999999 0.20716666666666667
0 0.38902 0.733 0.0772 0.18916666666666665
0 0.24662 0.7695833333333333 0.06481999999999999 0.22179166666666666
0 0.17122 0.447 0.06423999999999999 0.146375
0 0.163 0.10633333333333334 0.0882 0.07604166666666666
0 0.27848 0.08516666666666667 0.06968 0.06641666666666667
0 0.66844 0.123125 0.07004 0.07608333333333334
0 0.5646599999999999 0.10108333333333334 0.056600000000000004 0.08608333333333333
0 0.68116 0.04454166666666667 0.06282 0.049041666666666664
0 0.7978999999999999 0.022041666666666668 0.05126 0.044041666666666666
0 0.91826 0.012 0.04118 0.024041666666666666
1 0.75974 0.26475 0.01452 0.07108333333333333
1 0.7450800000000001 0.18016666666666667 0.01402 0.06004166666666667