1 0.10679999999999999 0.65225 0.0162 0.080125
1 0.67518 0.09133333333333334 0.011720000000000001 0.07691666666666667
1 0.69364 0.09133333333333334 0.01018 0.07050000000000001
0 0.015519999999999999 0.290875 0.031039999999999998 0.07854166666666668
0 0.05718 0.08733333333333333 0.05848 0.07854166666666668
0 0.01322 0.638625 0.02644 0.107375
0 0.02436 0.8670000000000001 0.04874 0.19229166666666667
0 0.1264 0.9920000000000001 0.03544 0.016
0 0.25677999999999995 0.9623333333333334 0.08546 0.07533333333333332
0 0.35254 0.9527083333333334 0.08164 0.09454166666666668
0 0.44868 0.9302916666666667 0.08626 0.13941666666666666
0 0.53328 0.9086666666666667 0.09090000000000001 0.18266666666666667
0 0.61712 0.9086666666666667 0.061700000000000005 0.18266666666666667
0 0.09256 0.8525833333333334 0.056960000000000004 0.20191666666666666
0 0.16408 0.8389583333333334 0.07378 0.20675
0 0.09179999999999999 0.43670833333333337 0.06302 0.16508333333333333
0 0.15562 0.4350833333333333 0.06762 0.16825
0 0.22024000000000002 0.4350833333333333 0.06454 0.13941666666666666
0 0.24331999999999998 0.8132916666666666 0.07837999999999999 0.19391666666666665
0 0.31754000000000004 0.7788333333333333 0.08066 0.18908333333333335
0 0.34446 0.4390833333333333 0.08374 0.15704166666666666
0 0.38752 0.7652083333333334 0.08834 0.19391666666666665
0 0.45866 0.7395833333333334 0.07986 0.15545833333333334
0 0.52596 0.6842916666666666 0.08676 0.1795
0 0.41675999999999996 0.41024999999999995 0.08526 0.12820833333333334
0 0.59326 0.665875 0.07522 0.15866666666666665
0 0.6209600000000001 0.22516666666666665 0.04444 0.107375
0 0.6748 0.38699999999999996 0.06288 0.11379166666666667
0 0.82978 0.01925 0.04516 0.03845833333333334
0 0.9773999999999999 0.262 0.04518 0.07795833333333334
0 0.93188 0.06116666666666667 0.05286 0.05520833333333333
0 0.85912 0.9676666666666667 0.0395 0.06466666666666666
1 0.90566 0.3290416666666667 0.01124 0.04595833333333333