0 0.22419999999999998 0.8169166666666666 0.05768 0.22795833333333335
0 0.309 0.7953749999999999 0.05098 0.182375
0 0.609 0.8890833333333333 0.07006 0.1925
0 0.46694 0.718375 0.0724 0.18616666666666667
0 0.41074 0.37133333333333335 0.054119999999999994 0.12891666666666668
0 0.13584000000000002 0.08275 0.07748000000000001 0.076
0 0.99638 0.72825 0.00722 0.051166666666666666
1 0.7890199999999999 0.38849999999999996 0.01684 0.07308333333333333
1 0.7092200000000001 0.05420833333333333 0.01042 0.052375
0 0.9693200000000001 0.007916666666666666 0.02088 0.01583333333333333
0 0.7968999999999999 0.007291666666666667 0.0443 0.014624999999999999
0 0.47836 0.17291666666666666 0.08304 0.080375
0 0.31962 0.06333333333333332 0.062439999999999996 0.06575
0 0.23428 0.07366666666666667 0.08702 0.06941666666666667
0 0.05076 0.2125 0.09648000000000001 0.08158333333333333
0 0.032799999999999996 0.448375 0.0484 0.16379166666666667
0 0.09742 0.43820833333333337 0.05504 0.14529166666666665
0 0.16226 0.426625 0.05768 0.16658333333333333
0 0.25932 0.414125 0.06522 0.14529166666666665
0 0.06032 0.8389166666666666 0.055479999999999995 0.20266666666666666
0 0.14472 0.9756666666666667 0.07690000000000001 0.048666666666666664
0 0.23976 0.9826250000000001 0.0565 0.034749999999999996
0 0.38324 0.7607083333333333 0.06166 0.19620833333333335
0 0.4239 0.9363333333333334 0.07293999999999999 0.12729166666666666
0 0.51006 0.9118333333333334 0.0916 0.176375
0 0.5455800000000001 0.6857500000000001 0.0523 0.181375