0 0.07732 0.15966666666666668 0.08592 0.08004166666666666
0 0.10736 0.5320416666666666 0.05396 0.16875
0 0.19197999999999998 0.49404166666666666 0.05738 0.16083333333333333
0 0.25226 0.48175 0.0509 0.12995833333333334
0 0.32530000000000003 0.48370833333333335 0.05632 0.13075
0 0.4004 0.4337916666666667 0.05064 0.12120833333333333
0 0.056240000000000005 0.8860416666666667 0.07186 0.22791666666666668
0 0.14764 0.8666250000000001 0.055619999999999996 0.22008333333333333
0 0.24853999999999998 0.8339583333333334 0.09154000000000001 0.20979166666666668
0 0.44539999999999996 0.965125 0.06528 0.06974999999999999
0 0.36512 0.7879583333333334 0.08454 0.1985833333333333
0 0.45488 0.7797916666666667 0.0808 0.175375
0 0.62222 0.9169583333333333 0.061579999999999996 0.16604166666666667
0 0.52442 0.7737499999999999 0.07462 0.1564583333333333
0 0.6050599999999999 0.2799166666666667 0.06420000000000001 0.10408333333333333
0 0.60096 0.17966666666666667 0.06948 0.07525
0 0.43168 0.23629166666666668 0.08748 0.07875
0 0.31454000000000004 0.26125000000000004 0.09954 0.08650000000000001
0 0.18002 0.28620833333333334 0.10864 0.08579166666666667
0 0.02892 0.28691666666666665 0.05784 0.08720833333333333
1 0.8051 0.816125 0.01312 0.06454166666666666
1 0.51406 0.3154166666666667 0.01044 0.058291666666666665
1 0.7120599999999999 0.4155833333333333 0.01376 0.06716666666666667
1 0.8925599999999999 0.37737499999999996 0.01348 0.056625
0 0.8928200000000001 0.010750000000000001 0.039420000000000004 0.021458333333333336
0 0.73126 0.06720833333333333 0.13488 0.13441666666666666
1 0.99046 0.14520833333333333 0.01384 0.042666666666666665