0 0.0878 0.45249999999999996 0.061579999999999996 0.1579583333333333
0 0.17722 0.45249999999999996 0.05958 0.13658333333333333
0 0.15236000000000002 0.8124166666666667 0.05572 0.196625
0 0.26688 0.40725 0.056420000000000005 0.15304166666666666
0 0.33204 0.41504166666666664 0.07864 0.16208333333333333
0 0.39698 0.38833333333333336 0.05836 0.12833333333333333
0 0.98124 0.7407916666666666 0.037520000000000005 0.105875
0 0.10614 0.09341666666666668 0.07894 0.076
1 0.23292 0.7260416666666667 0.01932 0.08145833333333334
1 0.25562 0.7231666666666666 0.02532 0.09541666666666666
1 0.7392799999999999 0.16575 0.01322 0.06075
0 0.38377999999999995 0.13379166666666667 0.08744 0.07341666666666667
0 0.9880599999999999 0.82675 0.01884 0.06545833333333334