0 0.25012 0.959375 0.14328 0.08125
0 0.0308 0.8178333333333333 0.05722 0.18629166666666666
0 0.20302 0.8208333333333333 0.0699 0.2155
0 0.28046 0.7963749999999999 0.08288 0.20195833333333332
0 0.35366000000000003 0.7615 0.08136 0.19258333333333333
0 0.4661 0.7182916666666667 0.07038 0.18529166666666666
0 0.5407799999999999 0.7016249999999999 0.05888 0.18945833333333334
0 0.0444 0.44554166666666667 0.05044 0.14575
0 0.13558 0.45075000000000004 0.05692 0.16445833333333332
0 0.24274 0.41170833333333334 0.06638 0.16966666666666666
0 0.30968 0.40858333333333335 0.06038 0.15304166666666666
0 0.0071200000000000005 0.2904583333333333 0.014240000000000001 0.07183333333333333
0 0.11914 0.236875 0.15718000000000001 0.17170833333333332
0 0.17292 0.08525 0.0847 0.070625
0 0.20156 0.14245833333333333 0.07942 0.067375
1 0.8149400000000001 0.5310416666666666 0.01766 0.07625
1 0.62148 0.23445833333333335 0.01244 0.06370833333333333
1 0.733 0.5336666666666667 0.01314 0.06891666666666667
1 0.71972 0.5320833333333334 0.01464 0.07416666666666667
0 0.59642 0.06058333333333333 0.07062 0.07520833333333334
0 0.8540599999999999 0.021916666666666664 0.0495 0.04383333333333333
0 0.8041799999999999 0.009416666666666665 0.047020000000000006 0.018791666666666665
1 0.5588 0.9800833333333333 0.016300000000000002 0.039875
1 0.54 0.9765 0.02314 0.04695833333333333