0 0.028480000000000002 0.8485833333333334 0.052899999999999996 0.19758333333333333
0 0.1318 0.8112083333333333 0.06986 0.22416666666666665
0 0.38164 0.72825 0.06858 0.17983333333333332
0 0.6093 0.8882083333333333 0.06338 0.22362500000000002
0 0.54364 0.6649166666666667 0.06308 0.20770833333333333
0 0.17132 0.44645833333333335 0.06498000000000001 0.15325
0 0.16428 0.10316666666666667 0.08658 0.07866666666666666
0 0.28042 0.08145833333333334 0.07278 0.06291666666666666
0 0.47631999999999997 0.5439166666666666 0.10384 0.09266666666666666
0 0.60092 0.48725 0.07765999999999999 0.09533333333333333
0 0.68352 0.395625 0.06520000000000001 0.10829166666666666
0 0.63198 0.270375 0.05702 0.1095
0 0.6052799999999999 0.11720833333333333 0.07508 0.082125
0 0.7730199999999999 0.06675 0.05904 0.06845833333333333
0 0.74614 0.014958333333333332 0.05206 0.029958333333333333
1 0.6849400000000001 0.017541666666666667 0.008539999999999999 0.035083333333333334
1 0.7436799999999999 0.23916666666666667 0.01282 0.04533333333333334
1 0.78146 0.3174166666666667 0.01284 0.05475
0 0.4375 0.16854166666666667 0.07714 0.07870833333333334
0 0.25372 0.2040833333333333 0.09808 0.08470833333333333
0 0.11574 0.22116666666666665 0.10386 0.088125
0 0.17114 0.9823333333333333 0.06334000000000001 0.035375000000000004