0 0.25012 0.959375 0.14328 0.08125
0 0.0308 0.8178333333333333 0.05722 0.18629166666666666
0 0.20302 0.8208333333333333 0.0699 0.2155
0 0.28046 0.7963749999999999 0.08288 0.20195833333333332
0 0.35366000000000003 0.7615 0.08136 0.19258333333333333
0 0.4661 0.7182916666666667 0.07038 0.18529166666666666
0 0.5407799999999999 0.7016249999999999 0.05888 0.18945833333333334
0 0.0444 0.44554166666666667 0.05044 0.14575
0 0.13558 0.45075000000000004 0.05692 0.16445833333333332
0 0.24274 0.41170833333333334 0.06638 0.16966666666666666
0 0.30968 0.40858333333333335 0.06038 0.15304166666666666
0 0.0071200000000000005 0.2904583333333333 0.014240000000000001 0.07183333333333333
0 0.11914 0.236875 0.15718000000000001 0.17170833333333332
0 0.17292 0.08525 0.0847 0.070625
1 0.71704 0.7025833333333333 0.0158 0.07429166666666666
1 0.6975800000000001 0.7065416666666666 0.0242 0.07770833333333332
1 0.78974 0.25729166666666664 0.0174 0.06641666666666667
1 0.72868 0.27529166666666666 0.01306 0.06866666666666667
1 0.71678 0.26795833333333335 0.01414 0.07883333333333334
0 0.42336 0.5470416666666666 0.10984000000000001 0.11762500000000001
0 0.37416000000000005 0.17229166666666668 0.09237999999999999 0.0885
0 0.5083 0.15666666666666668 0.08386 0.08016666666666666
0 0.64646 0.10775 0.06536 0.07183333333333333
0 0.75564 0.014583333333333334 0.052840000000000005 0.029166666666666667
0 0.8163400000000001 0.004666666666666667 0.02736 0.009375
1 0.90178 0.08120833333333333 0.01234 0.049958333333333334
1 0.6417200000000001 0.0125 0.006900000000000001 0.025
0 0.00608 0.14095833333333332 0.01216 0.07158333333333333