0 0.5487000000000001 0.963875 0.061700000000000005 0.07220833333333333
0 0.4609 0.950375 0.06762 0.09925
0 0.4652 0.73975 0.10422 0.27245833333333336
0 0.24472 0.8388333333333333 0.0718 0.17566666666666667
0 0.15852000000000002 0.8540416666666667 0.06264 0.18129166666666666
0 0.0071200000000000005 0.89625 0.014240000000000001 0.168875
0 0.0734 0.4897916666666667 0.045880000000000004 0.146375
0 0.015220000000000001 0.5005000000000001 0.03046 0.161
0 0.1804 0.13341666666666668 0.07518000000000001 0.07316666666666666
0 0.77274 0.09345833333333334 0.05668 0.05629166666666666
0 0.9613200000000001 0.04504166666666667 0.03286 0.04954166666666667
0 0.39506 0.45625 0.0445 0.121375
0 0.35292 0.982375 0.04394 0.035250000000000004