0 0.0878 0.45249999999999996 0.061579999999999996 0.1579583333333333
0 0.17722 0.45249999999999996 0.05958 0.13658333333333333
0 0.15236000000000002 0.8124166666666667 0.05572 0.196625
0 0.26688 0.40725 0.056420000000000005 0.15304166666666666
0 0.33204 0.41504166666666664 0.07864 0.16208333333333333
0 0.39698 0.38833333333333336 0.05836 0.12833333333333333
0 0.98124 0.7407916666666666 0.037520000000000005 0.105875
0 0.10614 0.09341666666666668 0.07894 0.076
1 0.9084 0.79675 0.023399999999999997 0.06808333333333333
1 0.9828 0.46870833333333334 0.01814 0.05616666666666667
1 0.73448 0.19579166666666667 0.011439999999999999 0.05616666666666667
1 0.68722 0.21754166666666666 0.0064800000000000005 0.06329166666666666
0 0.88254 0.011958333333333333 0.0371 0.023916666666666666
0 0.71782 0.07170833333333333 0.061259999999999995 0.07087500000000001
1 0.78184 0.12833333333333333 0.00436 0.01583333333333333
0 0.42218 0.17341666666666666 0.08752 0.07808333333333332
0 0.01292 0.23104166666666667 0.02584 0.07458333333333332