0 0.07732 0.15966666666666668 0.08592 0.08004166666666666
0 0.10736 0.5320416666666666 0.05396 0.16875
0 0.19197999999999998 0.49404166666666666 0.05738 0.16083333333333333
0 0.25226 0.48175 0.0509 0.12995833333333334
0 0.32530000000000003 0.48370833333333335 0.05632 0.13075
0 0.4004 0.4337916666666667 0.05064 0.12120833333333333
0 0.056240000000000005 0.8860416666666667 0.07186 0.22791666666666668
0 0.14764 0.8666250000000001 0.055619999999999996 0.22008333333333333
0 0.24853999999999998 0.8339583333333334 0.09154000000000001 0.20979166666666668
0 0.44539999999999996 0.965125 0.06528 0.06974999999999999
0 0.36512 0.7879583333333334 0.08454 0.1985833333333333
0 0.45488 0.7797916666666667 0.0808 0.175375
0 0.62222 0.9169583333333333 0.061579999999999996 0.16604166666666667
0 0.52442 0.7737499999999999 0.07462 0.1564583333333333
1 0.41642 0.5695 0.019399999999999997 0.06541666666666666
1 0.8371799999999999 0.28725 0.01242 0.05525
1 0.6480199999999999 0.016666666666666666 0.00746 0.03129166666666667
1 0.84378 0.14887499999999998 0.00898 0.042208333333333334
1 0.7118 0.5050416666666666 0.00662 0.037875
0 0.0293 0.2881666666666666 0.05858 0.08975
0 0.09512000000000001 0.20608333333333334 0.09008 0.07912499999999999
0 0.17930000000000001 0.2845833333333333 0.10536 0.08504166666666667
0 0.31389999999999996 0.26216666666666666 0.09684000000000001 0.08504166666666667
0 0.48736 0.22083333333333333 0.07758 0.0685
0 0.56304 0.126375 0.07246 0.0685
0 0.69084 0.14641666666666667 0.056 0.07087500000000001
0 0.74638 0.057875 0.055979999999999995 0.066125
0 0.8611599999999999 0.06258333333333334 0.04406 0.05433333333333333
0 0.86966 0.017125 0.04632 0.03425
0 0.93912 0.22083333333333333 0.12176000000000001 0.19129166666666667