0 0.07651999999999999 0.159125 0.08458 0.071875
0 0.6047 0.2803333333333333 0.06386 0.09645833333333333
0 0.59976 0.1829583333333333 0.06726 0.073375
0 0.40044 0.4344166666666667 0.053380000000000004 0.12658333333333333
0 0.32583999999999996 0.4830833333333333 0.0545 0.12745833333333334
0 0.25288 0.4817916666666667 0.04998 0.13004166666666667
0 0.19212 0.4964166666666667 0.05738 0.14895833333333333
0 0.10746 0.531875 0.05 0.16341666666666665
0 0.056479999999999995 0.888 0.07026 0.224
0 0.14958000000000002 0.8692083333333334 0.05634 0.2185416666666667
0 0.25038 0.832125 0.09328 0.21254166666666666
0 0.3649 0.7885000000000001 0.08462 0.1955
0 0.4467 0.9651666666666666 0.06504 0.06966666666666667
0 0.6226 0.91875 0.06116 0.1625
0 0.5256000000000001 0.7741666666666667 0.07046 0.15375
0 0.45272 0.782375 0.08626 0.16633333333333333
0 0.16763999999999998 0.28720833333333334 0.10454000000000001 0.081625
1 0.2768 0.35379166666666667 0.01718 0.06733333333333333
0 0.31544 0.26108333333333333 0.09748 0.08195833333333334
0 0.43132 0.23229166666666667 0.08218 0.06775
1 0.71902 0.5010416666666667 0.009179999999999999 0.05595833333333333
1 0.81248 0.25608333333333333 0.01248 0.049291666666666664
1 0.78624 0.35229166666666667 0.013619999999999998 0.05408333333333334
1 0.72896 0.29125 0.01102 0.04870833333333333
1 0.74382 0.23445833333333335 0.01188 0.04566666666666667
0 0.70788 0.06520833333333334 0.14306 0.13041666666666668
0 0.89558 0.028541666666666667 0.03772 0.057125
1 0.8780800000000001 0.15875 0.009859999999999999 0.05604166666666666
1 0.90498 0.13579166666666667 0.0070999999999999995 0.050291666666666665