0 0.62828 0.915875 0.07478 0.16825
0 0.35716000000000003 0.9735416666666666 0.06778 0.052875
0 0.08178 0.8621666666666666 0.06458 0.18587499999999998
0 0.11294 0.529625 0.060700000000000004 0.14583333333333334
0 0.41252 0.455125 0.07374 0.14745833333333333
0 0.16756000000000001 0.8597916666666666 0.073 0.23879166666666668
0 0.24753999999999998 0.861375 0.08376 0.19712500000000002
0 0.39022 0.826125 0.08756 0.1875
0 0.46368 0.9559166666666666 0.07474 0.088125
0 0.54674 0.9367083333333334 0.07014 0.12658333333333333
0 0.51944 0.7652083333333334 0.08754 0.16187500000000002
0 0.58212 0.6922916666666666 0.09136 0.1795
0 0.012060000000000001 0.3565833333333333 0.024120000000000003 0.07533333333333332
0 0.05912 0.14662499999999998 0.09156 0.08491666666666667
0 0.09564 0.275625 0.10004 0.11216666666666668
0 0.3979 0.22437500000000002 0.09218000000000001 0.09295833333333332
0 0.5998 0.17629166666666668 0.0729 0.07691666666666667
1 0.67172 0.3501666666666667 0.01248 0.06891666666666667
1 0.6905800000000001 0.2876666666666667 0.01634 0.072125
0 0.84862 0.021625000000000002 0.049 0.043250000000000004
0 0.889 0.09775 0.052840000000000005 0.08654166666666667
1 0.6240399999999999 0.044875 0.01248 0.06091666666666666
1 0.66596 0.2515833333333333 0.00864 0.06091666666666666