1 0.7443200000000001 0.21320833333333333 0.01188 0.051083333333333335
1 0.78412 0.18454166666666666 0.00564 0.016666666666666666
1 0.76534 0.20591666666666666 0.00714 0.05316666666666667
1 0.7498400000000001 0.22991666666666666 0.01114 0.05316666666666667
0 0.49938 0.7491666666666668 0.0635 0.18870833333333334
0 0.62024 0.9316666666666666 0.05414 0.13666666666666666
0 0.5324 0.94 0.05962 0.12000000000000001
0 0.44658 0.9587916666666667 0.0691 0.08241666666666667
0 0.27366 0.815875 0.0615 0.174125
0 0.29568 0.467125 0.03848 0.13554166666666667
0 0.1643 0.47700000000000004 0.048979999999999996 0.14491666666666667
0 0.99224 0.7985416666666667 0.01554 0.05445833333333334