0 0.17715999999999998 0.13941666666666666 0.0907 0.07050000000000001
0 0.20946 0.49600000000000005 0.05992 0.133
0 0.02822 0.89425 0.05644 0.2115
0 0.09718 0.892625 0.06312 0.21475
0 0.24791999999999997 0.8757916666666666 0.08298 0.20991666666666667
0 0.5229 0.7612083333333334 0.07138 0.1795
0 0.62712 0.9174583333333334 0.05862 0.16508333333333333
1 0.69788 0.13862500000000003 0.02172 0.07854166666666668
0 0.27294 0.4623333333333333 0.060840000000000005 0.15866666666666665
0 0.4006 0.4262916666666667 0.06834 0.16025
0 0.9482200000000001 0.057708333333333334 0.03282 0.0545