0 0.12766 0.5057916666666666 0.05896 0.15899999999999997
0 0.29018 0.8555416666666668 0.09064 0.208875
0 0.62578 0.9090416666666666 0.06698 0.18191666666666664
0 0.3523 0.469875 0.04108 0.14095833333333332
0 0.45822 0.96375 0.057 0.0725
1 0.3405 0.5849166666666666 0.0106 0.07845833333333332
1 0.71856 0.22733333333333333 0.01104 0.05845833333333333
1 0.54022 0.012416666666666666 0.0106 0.024833333333333332
0 0.26066 0.25504166666666667 0.08318 0.08220833333333334
0 0.12229999999999999 0.33383333333333337 0.081 0.07995833333333334
0 0.0047 0.15145833333333333 0.009380000000000001 0.059666666666666666
0 0.38695999999999997 0.7981666666666667 0.07479999999999999 0.17675000000000002
0 0.77304 0.5516666666666666 0.08206000000000001 0.13116666666666668
0 0.9516 0.12529166666666666 0.036359999999999996 0.0565