1 0.71088 0.077 0.0077599999999999995 0.051958333333333336
1 0.69886 0.08808333333333333 0.0096 0.043291666666666666
1 0.78362 0.4114583333333333 0.0119 0.06254166666666666
1 0.7965599999999999 0.4186666666666667 0.0112 0.050041666666666665
1 0.79734 0.17750000000000002 0.013359999999999999 0.04475
1 0.81184 0.180625 0.01036 0.05725
0 0.77808 0.04429166666666667 0.059 0.05391666666666666
0 0.64874 0.16120833333333331 0.060880000000000004 0.06641666666666667
0 0.66884 0.432125 0.062259999999999996 0.111625
0 0.3935 0.46775 0.07154 0.12895833333333334
0 0.42978 0.42012499999999997 0.08414 0.14533333333333334
0 0.12694 0.14579166666666668 0.07708 0.07604166666666666
0 0.0364 0.49133333333333334 0.05124 0.16075
0 0.10407999999999999 0.5038333333333334 0.055380000000000006 0.16266666666666665
0 0.03126 0.8869166666666667 0.06254 0.20883333333333332
0 0.11586 0.8575416666666666 0.0891 0.25025000000000003
0 0.20708000000000001 0.8642916666666667 0.08584 0.19633333333333333
0 0.37895999999999996 0.8229166666666666 0.07014 0.20983333333333334
0 0.5397000000000001 0.740125 0.05348 0.19824999999999998
0 0.67252 0.9302083333333333 0.05046 0.13954166666666667
0 0.5866 0.9268333333333333 0.07632 0.14629166666666665
0 0.43486 0.9605416666666666 0.055479999999999995 0.07891666666666668
0 0.5128400000000001 0.9424166666666667 0.05422 0.11516666666666667