0 0.02228 0.28479166666666667 0.04456 0.09175
0 0.31013999999999997 0.4038333333333333 0.11044 0.10520833333333333
0 0.39938 0.3872083333333334 0.06714 0.15266666666666667
0 0.09448000000000001 0.8266666666666667 0.07628 0.21358333333333332
0 0.17458 0.8140000000000001 0.06409999999999999 0.18195833333333333
0 0.25830000000000003 0.796625 0.07890000000000001 0.19775
0 0.2547 0.96475 0.07412 0.07050000000000001
0 0.43582 0.9350833333333333 0.07792 0.12983333333333333
0 0.6150399999999999 0.8919583333333333 0.07412 0.21604166666666666
0 0.54498 0.674375 0.07966 0.16216666666666668
0 0.25751999999999997 0.5427083333333333 0.09422 0.10575
1 0.88512 0.6480833333333333 0.023420000000000003 0.09279166666666666
0 0.9951599999999999 0.7172916666666667 0.009699999999999999 0.051708333333333335
0 0.09090000000000001 0.13925 0.08922 0.07920833333333334
0 0.21688 0.20199999999999999 0.09688 0.09075000000000001
0 0.44476 0.174875 0.07682 0.07029166666666667
0 0.6275599999999999 0.029791666666666668 0.05802 0.057833333333333334
0 0.69526 0.07295833333333333 0.06781999999999999 0.07120833333333333
0 0.87654 0.012 0.04172 0.024
1 0.65596 0.9499166666666666 0.023600000000000003 0.08433333333333333