0 0.0109 0.294875 0.02182 0.08333333333333333
0 0.11256000000000001 0.21716666666666665 0.09378 0.09133333333333334
0 0.16294 0.07533333333333332 0.07454000000000001 0.07370833333333333
0 0.03258 0.451125 0.04618 0.17145833333333332
0 0.09064 0.431875 0.0638 0.17787499999999998
0 0.16102 0.44470833333333337 0.06620000000000001 0.16508333333333333
0 0.34484 0.43829166666666663 0.08758 0.15545833333333334
0 0.17332 0.8333333333333334 0.07390000000000001 0.24037499999999998
0 0.11602 0.986375 0.0608 0.02725
0 0.24831999999999999 0.9639583333333334 0.09468 0.072125
0 0.31868 0.790875 0.08452 0.20033333333333334
0 0.401 0.7395833333333334 0.0601 0.20354166666666668
0 0.44676 0.9286666666666666 0.09165999999999999 0.14262499999999997
0 0.54598 0.9094583333333334 0.06706000000000001 0.17145833333333332
0 0.5355800000000001 0.6882916666666666 0.066 0.19070833333333334
0 0.76864 0.06891666666666667 0.0648 0.080125
1 0.74056 0.49920833333333337 0.01788 0.09454166666666668