0 0.0878 0.45249999999999996 0.061579999999999996 0.1579583333333333
0 0.17722 0.45249999999999996 0.05958 0.13658333333333333
0 0.15236000000000002 0.8124166666666667 0.05572 0.196625
0 0.26688 0.40725 0.056420000000000005 0.15304166666666666
0 0.33204 0.41504166666666664 0.07864 0.16208333333333333
0 0.39698 0.38833333333333336 0.05836 0.12833333333333333
0 0.98124 0.7407916666666666 0.037520000000000005 0.105875
0 0.10614 0.09341666666666668 0.07894 0.076
1 0.31858 0.47891666666666666 0.01286 0.07258333333333335
0 0.14772 0.15283333333333332 0.08484 0.08549999999999999
1 0.80014 0.5885833333333333 0.016059999999999998 0.07404166666666666
1 0.7786000000000001 0.6598333333333334 0.02094 0.06479166666666666