1 0.8195800000000001 0.9624166666666666 0.02212 0.07391666666666666
1 0.9425 0.879125 0.02014 0.07183333333333333
0 0.9952799999999999 0.7156666666666667 0.009460000000000001 0.05516666666666667
0 0.43960000000000005 0.9387916666666667 0.06554 0.12241666666666666
0 0.25372 0.9647916666666667 0.07252 0.07037500000000001
0 0.25745999999999997 0.7927083333333333 0.07886 0.19258333333333333
0 0.17478 0.8077916666666667 0.06638 0.18945833333333334
0 0.09459999999999999 0.8275833333333333 0.07590000000000001 0.21654166666666666
1 0.31718 0.32895833333333335 0.00858 0.041625
0 0.24298 0.6053333333333334 0.12784 0.10095833333333333
0 0.31242000000000003 0.403375 0.10684 0.10304166666666667
0 0.39886 0.3857083333333333 0.06684 0.15095833333333333
0 0.19078 0.270125 0.09038 0.09266666666666666
0 0.59676 0.04891666666666667 0.06888 0.066625
0 0.7973600000000001 0.038 0.05034 0.059333333333333335
0 0.61386 0.892 0.07490000000000001 0.21600000000000003