0 0.30518 0.9543333333333333 0.10518000000000001 0.09129166666666667
0 0.44204000000000004 0.9380833333333333 0.06982 0.12383333333333332
0 0.5409400000000001 0.9087916666666668 0.08442 0.182375
0 0.62576 0.900125 0.06466 0.19974999999999998
0 0.56356 0.675 0.08368 0.17675000000000002
0 0.43163999999999997 0.7606666666666667 0.0863 0.19629166666666667
0 0.0418 0.46141666666666664 0.04786 0.120375
0 0.018179999999999998 0.2939583333333333 0.036340000000000004 0.06854166666666667
0 0.19058 0.08054166666666666 0.0674 0.07029166666666667
0 0.2533 0.188125 0.08178 0.07283333333333333
0 0.40918 0.17866666666666667 0.08586 0.07970833333333333
0 0.23068 0.42162499999999997 0.06368 0.15425000000000003
0 0.2895 0.40708333333333335 0.0645 0.14225000000000002
0 0.3946 0.3835 0.05916 0.131125
0 0.6299 0.10283333333333333 0.06738 0.07370833333333333
0 0.83782 0.019291666666666665 0.0513 0.03858333333333333
1 0.7932 0.16025 0.009980000000000001 0.065125
1 0.7330399999999999 0.09833333333333334 0.00958 0.046875
1 0.74646 0.09912499999999999 0.00878 0.055125
0 0.9919600000000001 0.7140416666666667 0.016079999999999997 0.08566666666666665