0 0.992 0.7319166666666667 0.01598 0.06820833333333334
0 0.6176 0.24262499999999998 0.07826000000000001 0.161
1 0.6348400000000001 0.026083333333333333 0.007719999999999999 0.04704166666666666
0 0.8038200000000001 0.0415 0.05162 0.06245833333333333
0 0.75434 0.01625 0.052039999999999996 0.0325
0 0.38822 0.06758333333333333 0.06728 0.06845833333333333
0 0.28 0.08554166666666667 0.07672 0.07358333333333333
0 0.17282 0.09795833333333334 0.08414 0.06245833333333333
0 0.16541999999999998 0.15958333333333333 0.08331999999999999 0.077875
0 0.0952 0.4419166666666667 0.06608 0.13775
0 0.01548 0.841375 0.03096 0.20500000000000002
0 0.08162 0.8400416666666667 0.05686 0.2076666666666667
0 0.16312000000000001 0.8039166666666666 0.07094 0.22995833333333332
0 0.25444 0.7825416666666667 0.06536 0.20500000000000002
0 0.17296 0.4394166666666666 0.05128 0.11408333333333333
0 0.3967 0.396625 0.05554 0.130125
0 0.41594 0.7420000000000001 0.07608 0.19695833333333335
0 0.4938 0.7023333333333334 0.07690000000000001 0.20320833333333335
0 0.55432 0.656875 0.07732 0.1925