1 0.8501599999999999 0.8421666666666667 0.02638 0.09454166666666668
1 0.67364 0.0745 0.011720000000000001 0.052875
1 0.86248 0.10979166666666668 0.012539999999999999 0.059291666666666666
1 0.89554 0.09133333333333334 0.011 0.06408333333333334
1 0.8747999999999999 0.09345833333333334 0.007940000000000001 0.06191666666666666
0 0.70326 0.01925 0.05058 0.03845833333333334
0 0.5802 0.13541666666666666 0.07554000000000001 0.08491666666666667
0 0.5156000000000001 0.08175 0.06781999999999999 0.08333333333333333
0 0.34406 0.4375 0.08758 0.15704166666666666
0 0.011300000000000001 0.29566666666666663 0.02258 0.072125
0 0.0286 0.869375 0.0572 0.24520833333333333
0 0.16908 0.8253333333333334 0.07916 0.21154166666666668
0 0.1168 0.9871666666666666 0.05312 0.025625000000000002
0 0.2537 0.96875 0.0793 0.0625
0 0.35216000000000003 0.9655416666666666 0.0747 0.06891666666666667
0 0.44752 0.9342916666666666 0.0778 0.13141666666666665
0 0.5448200000000001 0.9126666666666666 0.0709 0.16825
0 0.62174 0.9142499999999999 0.061700000000000005 0.15545833333333334
1 0.66096 0.9583333333333334 0.02172 0.08333333333333333
0 0.5352 0.6875 0.05938 0.19229166666666667
0 0.46214 0.7035416666666666 0.06523999999999999 0.21475
0 0.3187 0.7900833333333334 0.077 0.1955
0 0.24408000000000002 0.8045000000000001 0.07992 0.22437500000000002
0 0.03296 0.4487083333333333 0.04234 0.16025
0 0.09294 0.43029166666666663 0.057640000000000004 0.18108333333333335
0 0.15678 0.4407083333333333 0.06531999999999999 0.16345833333333332
0 0.2191 0.427875 0.07006 0.16666666666666666
0 0.8097799999999999 0.008208333333333333 0.04536 0.016375