0 0.027579999999999997 0.9047083333333333 0.05514 0.19058333333333335
0 0.09508 0.8917083333333333 0.07895999999999999 0.20691666666666667
0 0.28054 0.843125 0.07845999999999999 0.19824999999999998
0 0.35631999999999997 0.8200000000000001 0.07478 0.179
0 0.43092 0.7863333333333333 0.07338 0.17516666666666666
0 0.61156 0.933125 0.055979999999999995 0.13379166666666667
0 0.49883999999999995 0.7521666666666668 0.06692000000000001 0.18191666666666664
0 0.56374 0.7040416666666667 0.060899999999999996 0.19345833333333334
0 0.3524 0.49279166666666663 0.061380000000000004 0.12895833333333334
0 0.2831 0.46437500000000004 0.05964 0.13570833333333335
0 0.22698 0.47591666666666665 0.05632 0.14341666666666666
0 0.1653 0.48412499999999997 0.05676 0.16170833333333334
0 0.10108 0.5014583333333333 0.046619999999999995 0.16362500000000002
0 0.1683 0.16554166666666664 0.08771999999999999 0.08279166666666667
0 0.28426 0.150125 0.08496 0.08854166666666667
0 0.39027999999999996 0.11791666666666667 0.06598000000000001 0.074125
0 0.67438 0.08612500000000001 0.0549 0.06833333333333333
0 0.77716 0.04525 0.04888 0.06354166666666666
0 0.85154 0.01925 0.046079999999999996 0.0385
0 0.90698 0.0077083333333333335 0.02944 0.015416666666666667
0 0.9971599999999999 0.7854583333333333 0.0057 0.037875
1 0.90186 0.4080833333333333 0.021 0.06583333333333334
1 0.9952000000000001 0.14533333333333334 0.0096 0.043583333333333335
0 0.5634199999999999 0.19712500000000002 0.07346 0.07883333333333334
1 0.21028 0.06633333333333333 0.011720000000000001 0.052083333333333336