0 0.0878 0.45249999999999996 0.061579999999999996 0.1579583333333333
0 0.17722 0.45249999999999996 0.05958 0.13658333333333333
0 0.15236000000000002 0.8124166666666667 0.05572 0.196625
0 0.26688 0.40725 0.056420000000000005 0.15304166666666666
0 0.33204 0.41504166666666664 0.07864 0.16208333333333333
0 0.39698 0.38833333333333336 0.05836 0.12833333333333333
0 0.98124 0.7407916666666666 0.037520000000000005 0.105875
0 0.10614 0.09341666666666668 0.07894 0.076
1 0.8781599999999999 0.9750416666666666 0.02054 0.049958333333333334
1 0.7377 0.20454166666666668 0.0114 0.062875
1 0.72342 0.12004166666666666 0.0061200000000000004 0.04125
1 0.72294 0.20454166666666668 0.008400000000000001 0.050708333333333334
0 0.02896 0.24541666666666667 0.05792 0.08854166666666667
0 0.34222 0.18225 0.08782 0.08383333333333334
0 0.58166 0.12320833333333334 0.07384 0.07016666666666667
1 0.93836 0.39616666666666667 0.01526 0.06845833333333333
1 0.95232 0.42266666666666663 0.01774 0.06675