0 0.07732 0.15966666666666668 0.08592 0.08004166666666666
0 0.10736 0.5320416666666666 0.05396 0.16875
0 0.19197999999999998 0.49404166666666666 0.05738 0.16083333333333333
0 0.25226 0.48175 0.0509 0.12995833333333334
0 0.32530000000000003 0.48370833333333335 0.05632 0.13075
0 0.4004 0.4337916666666667 0.05064 0.12120833333333333
0 0.056240000000000005 0.8860416666666667 0.07186 0.22791666666666668
0 0.14764 0.8666250000000001 0.055619999999999996 0.22008333333333333
0 0.24853999999999998 0.8339583333333334 0.09154000000000001 0.20979166666666668
0 0.44539999999999996 0.965125 0.06528 0.06974999999999999
0 0.36512 0.7879583333333334 0.08454 0.1985833333333333
0 0.45488 0.7797916666666667 0.0808 0.175375
0 0.62222 0.9169583333333333 0.061579999999999996 0.16604166666666667
0 0.52442 0.7737499999999999 0.07462 0.1564583333333333
0 0.03014 0.285875 0.06028 0.08458333333333333
0 0.18042 0.2853333333333333 0.10712 0.08570833333333333
0 0.31383999999999995 0.261625 0.0968 0.08345833333333334
0 0.43216000000000004 0.239625 0.08736 0.08025
0 0.74026 0.5736249999999999 0.07376 0.13229166666666667
0 0.6047 0.278125 0.06186 0.10083333333333333
0 0.6010599999999999 0.18054166666666666 0.06914000000000001 0.07050000000000001
0 0.8612799999999999 0.014624999999999999 0.041 0.029291666666666667
0 0.90864 0.008666666666666666 0.032659999999999995 0.017333333333333333
1 0.5465 0.9095416666666666 0.02184 0.073875
1 0.85192 0.7084166666666667 0.019260000000000003 0.061000000000000006
1 0.7372799999999999 0.1920416666666667 0.01278 0.0445
1 0.6484800000000001 0.011708333333333333 0.006059999999999999 0.023416666666666665
1 0.6791200000000001 0.120625 0.006860000000000001 0.051541666666666666
1 0.67012 0.13058333333333333 0.006860000000000001 0.038625
0 0.81222 0.09625 0.11774 0.18104166666666668