0 0.16244 0.10245833333333333 0.08766 0.07200000000000001
0 0.27938 0.08149999999999999 0.0717 0.06329166666666666
0 0.04018 0.44337499999999996 0.06494 0.14316666666666666
0 0.17116 0.44495833333333334 0.06562 0.15583333333333332
0 0.027280000000000002 0.8460416666666667 0.05128 0.20170833333333332
0 0.13168000000000002 0.8104583333333333 0.0702 0.22704166666666667
0 0.13396 0.98375 0.07484 0.0325
0 0.29381999999999997 0.9714583333333333 0.07940000000000001 0.057041666666666664
0 0.24542 0.7712916666666667 0.06678 0.21991666666666668
0 0.39102 0.7222500000000001 0.074 0.22783333333333333
0 0.46792 0.7214583333333333 0.06523999999999999 0.180375
0 0.49563999999999997 0.9152916666666666 0.09954 0.169375
0 0.6082000000000001 0.89475 0.06806 0.21050000000000002
0 0.5442400000000001 0.664875 0.06676 0.20645833333333333
0 0.05244 0.23033333333333333 0.09922 0.07320833333333333
0 0.48288 0.16358333333333333 0.09072 0.07879166666666666
0 0.6074400000000001 0.12050000000000001 0.0711 0.07045833333333333
0 0.61434 0.4166666666666667 0.05732 0.11587499999999999
0 0.61924 0.2674166666666667 0.05644 0.10104166666666667
1 0.8712799999999999 0.8017916666666667 0.018600000000000002 0.08341666666666667
1 0.78346 0.5487916666666667 0.01932 0.0725
1 0.73384 0.534375 0.014199999999999999 0.05354166666666667
1 0.75816 0.4886666666666667 0.01696 0.06758333333333333
1 0.75202 0.4639166666666667 0.01112 0.054375
1 0.89302 0.3415416666666667 0.0185 0.056875
1 0.71148 0.40625 0.01458 0.0725
1 0.75974 0.16808333333333333 0.015359999999999999 0.06095833333333334
1 0.69356 0.036083333333333335 0.0073 0.03945833333333334