0 0.027579999999999997 0.9047083333333333 0.05514 0.19058333333333335
0 0.09508 0.8917083333333333 0.07895999999999999 0.20691666666666667
0 0.36248 0.8119999999999999 0.06862 0.2014166666666667
0 0.43092 0.7863333333333333 0.07338 0.17516666666666666
0 0.61156 0.933125 0.055979999999999995 0.13379166666666667
0 0.2831 0.46437500000000004 0.05964 0.13570833333333335
0 0.22752 0.479875 0.06064 0.14904166666666668
0 0.16422 0.49033333333333334 0.06648 0.14708333333333332
0 0.09724 0.488625 0.05738 0.154
0 0.39027999999999996 0.11791666666666667 0.06598000000000001 0.074125
0 0.19552 0.8892916666666667 0.07116 0.18645833333333334
0 0.27724 0.8258333333333333 0.06082 0.20041666666666666
0 0.53288 0.9388333333333333 0.056159999999999995 0.12233333333333334
0 0.45083999999999996 0.9600833333333333 0.06078 0.07983333333333334
0 0.33082 0.9813333333333334 0.05704 0.037333333333333336
1 0.49168 0.9875 0.01394 0.025
0 0.49813999999999997 0.7492916666666667 0.06182 0.18575
0 0.5581799999999999 0.714625 0.0775 0.15879166666666666
0 0.0188 0.22379166666666667 0.037579999999999995 0.06833333333333333
0 0.09622 0.16408333333333333 0.08216 0.074125
0 0.4702 0.22570833333333334 0.07152 0.07795833333333334
0 0.63418 0.202125 0.04746 0.077
1 0.47666000000000003 0.31666666666666665 0.00792 0.048125
1 0.49236 0.31666666666666665 0.006860000000000001 0.042333333333333334
1 0.72874 0.6135416666666667 0.02068 0.07625
1 0.71454 0.37754166666666666 0.01446 0.06758333333333333
1 0.73678 0.16654166666666667 0.0089 0.051166666666666666
1 0.7025 0.07241666666666666 0.00704 0.04441666666666667
1 0.54864 0.011375 0.00562 0.02275
0 0.75858 0.04708333333333334 0.0503 0.063875
0 0.81262 0.035708333333333335 0.03886 0.051958333333333336
0 0.89576 0.011375 0.038840000000000006 0.02275
1 0.93392 0.08320833333333333 0.00736 0.042124999999999996