1 0.22044 0.8823333333333333 0.01782 0.09108333333333334
1 0.26680000000000004 0.8888333333333333 0.02216 0.10808333333333334
1 0.78928 0.9879583333333334 0.01304 0.024083333333333335
1 0.83516 0.8262916666666666 0.02026 0.07508333333333334
1 0.8202 0.574125 0.0176 0.05558333333333333
1 0.85634 0.6648333333333334 0.0155 0.06141666666666667
1 0.92252 0.7445416666666667 0.016579999999999998 0.064375
1 0.9462200000000001 0.7423749999999999 0.019739999999999997 0.057041666666666664
0 0.95578 0.8713333333333334 0.07164 0.14620833333333336
0 0.992 0.7218333333333333 0.01598 0.07112500000000001
1 0.7404 0.185125 0.00976 0.060625000000000005
0 0.64634 0.12179166666666667 0.05048 0.07904166666666666
0 0.62944 0.873125 0.10796 0.20679166666666668
0 0.5499400000000001 0.6717916666666667 0.07887999999999999 0.19162500000000002
0 0.47356 0.7026249999999999 0.09344 0.214375
0 0.4034 0.7448333333333333 0.08721999999999999 0.19704166666666667
0 0.33456 0.7735416666666667 0.06906 0.1829583333333333
0 0.16358 0.8033333333333333 0.07424 0.22733333333333333
0 0.009699999999999999 0.82225 0.019420000000000003 0.224125
0 0.08356 0.44875000000000004 0.0649 0.16345833333333332
0 0.17346 0.44116666666666665 0.05242 0.11366666666666667
0 0.23452 0.42870833333333336 0.05292 0.15375
0 0.31945999999999997 0.39299999999999996 0.09082 0.13641666666666669
0 0.39532 0.3973333333333333 0.054439999999999995 0.12991666666666665
0 0.28312 0.09366666666666666 0.08464 0.07470833333333333
0 0.3886 0.06658333333333334 0.07008 0.059541666666666666
1 0.71556 0.19341666666666668 0.00962 0.042749999999999996
1 0.83838 0.61375 0.01108 0.06504166666666666