0 0.00604 0.846125 0.01208 0.19479166666666667
0 0.04665999999999999 0.4644583333333333 0.0378 0.11820833333333333
0 0.11394 0.818 0.08372 0.24208333333333334
0 0.44195999999999996 0.9396666666666668 0.0709 0.120625
0 0.5405800000000001 0.9081666666666667 0.08444 0.18366666666666667
0 0.56408 0.675 0.0847 0.17450000000000002
0 0.43168 0.76225 0.0869 0.19366666666666665
0 0.3509 0.77125 0.0799 0.19366666666666665
0 0.22986 0.4233333333333333 0.06264 0.15537499999999999
0 0.2895 0.411375 0.06534000000000001 0.13883333333333334
0 0.3948 0.38779166666666665 0.05874 0.12941666666666665
0 0.34546 0.24166666666666667 0.08028 0.08229166666666667
0 0.56614 0.111 0.05586 0.12083333333333333
0 0.7938 0.006875 0.04802 0.013708333333333333
0 0.99164 0.719875 0.0167 0.08054166666666666
1 0.7417999999999999 0.728875 0.022260000000000002 0.07970833333333333
1 0.6488200000000001 0.07200000000000001 0.00994 0.049708333333333334
1 0.60258 0.18554166666666666 0.01076 0.05429166666666666