0 0.0228 0.8799166666666667 0.0456 0.17679166666666665
0 0.10934 0.8703333333333333 0.05724 0.19816666666666669
0 0.36468 0.8084166666666667 0.08474 0.19141666666666665
0 0.45088 0.9599583333333332 0.0574 0.080125
0 0.53276 0.9407916666666666 0.05686 0.118375
0 0.6103 0.9261666666666667 0.0585 0.14766666666666667
0 0.43034 0.7791666666666667 0.07664 0.166625
0 0.49951999999999996 0.7515833333333333 0.06473999999999999 0.17679166666666665
0 0.55652 0.7177916666666667 0.07068 0.15875
0 0.09786 0.48925 0.054439999999999995 0.14575
0 0.1648 0.48612500000000003 0.05142 0.152
0 0.22526 0.47104166666666664 0.0624 0.15304166666666666
0 0.2822 0.4580416666666667 0.05938 0.14575
0 0.3509 0.46375 0.038880000000000005 0.130125
0 0.40636 0.4492083333333333 0.06486 0.136375
0 0.21076 0.15979166666666667 0.08338 0.08016666666666666
1 0.64342 0.08116666666666666 0.011859999999999999 0.04741666666666667