0 0.027579999999999997 0.9047083333333333 0.05514 0.19058333333333335
0 0.35631999999999997 0.8200000000000001 0.07478 0.179
0 0.43092 0.7863333333333333 0.07338 0.17516666666666666
0 0.61156 0.933125 0.055979999999999995 0.13379166666666667
0 0.2831 0.46437500000000004 0.05964 0.13570833333333335
0 0.22698 0.47591666666666665 0.05632 0.14341666666666666
0 0.1653 0.48412499999999997 0.05676 0.16170833333333334
0 0.10108 0.5014583333333333 0.046619999999999995 0.16362500000000002
0 0.39027999999999996 0.11791666666666667 0.06598000000000001 0.074125
0 0.19552 0.8892916666666667 0.07116 0.18645833333333334
1 0.8255800000000001 0.9436666666666667 0.014119999999999999 0.05308333333333334
1 0.8036 0.9327500000000001 0.010119999999999999 0.03954166666666667
1 0.7861 0.9030833333333333 0.012119999999999999 0.059333333333333335
1 0.81908 0.5855416666666666 0.020120000000000002 0.06766666666666667
1 0.79386 0.3575833333333333 0.00862 0.04058333333333333
1 0.78686 0.3346666666666666 0.0126 0.051000000000000004
1 0.7509 0.24204166666666668 0.0096 0.0635
0 0.7951 0.03745833333333334 0.04984 0.058291666666666665
0 0.64922 0.0885 0.046880000000000005 0.06870833333333333
0 0.31194 0.18791666666666668 0.07686 0.07808333333333332
0 0.2025 0.15512499999999999 0.06886 0.07704166666666666
0 0.09684000000000001 0.16604166666666667 0.08238 0.076
1 0.98542 0.144375 0.00734 0.04008333333333333
1 0.96016 0.12883333333333333 0.005900000000000001 0.041124999999999995
0 0.57452 0.4598333333333333 0.0596 0.15125
0 0.446 0.5476666666666666 0.10002 0.10491666666666667
1 0.19018000000000002 0.407875 0.00822 0.02304166666666667
0 0.19882 0.6906666666666667 0.109 0.124125
0 0.45272 0.9581666666666667 0.05578 0.08366666666666665
0 0.5338999999999999 0.9407916666666666 0.05684 0.11841666666666667
0 0.50008 0.7541666666666667 0.061840000000000006 0.17458333333333334
0 0.5568 0.71675 0.07640000000000001 0.16266666666666665
0 0.27688 0.8264583333333333 0.05722 0.20491666666666666