0 0.028480000000000002 0.8485833333333334 0.052899999999999996 0.19758333333333333
0 0.1318 0.8112083333333333 0.06986 0.22416666666666665
0 0.38164 0.72825 0.06858 0.17983333333333332
0 0.6093 0.8882083333333333 0.06338 0.22362500000000002
0 0.54364 0.6649166666666667 0.06308 0.20770833333333333
0 0.17132 0.44645833333333335 0.06498000000000001 0.15325
0 0.16428 0.10316666666666667 0.08658 0.07866666666666666
0 0.28042 0.08145833333333334 0.07278 0.06291666666666666
0 0.73088 0.9724166666666666 0.09620000000000001 0.05516666666666667
1 0.48034 0.5944166666666667 0.01692 0.06454166666666666
1 0.85524 0.989875 0.0121 0.02020833333333333
1 0.89912 0.743 0.0193 0.06545833333333334
1 0.78364 0.592375 0.01564 0.05679166666666667
1 0.9109400000000001 0.36075 0.01058 0.04854166666666667
1 0.79426 0.17029166666666665 0.00796 0.05595833333333333
1 0.78874 0.08475 0.00864 0.04608333333333334
1 0.7062 0.026333333333333334 0.00784 0.0395
1 0.69986 0.08883333333333333 0.01036 0.04441666666666667
1 0.7277 0.08595833333333333 0.00838 0.041958333333333334
1 0.7113200000000001 0.07691666666666667 0.0072 0.03704166666666667
1 0.7174400000000001 0.09912499999999999 0.0074 0.033749999999999995
0 0.3887 0.18975 0.09828 0.08891666666666667
0 0.5396 0.147875 0.07787999999999999 0.06716666666666667
0 0.6315 0.11629166666666667 0.07112 0.07216666666666667
0 0.7643 0.011541666666666667 0.046079999999999996 0.02304166666666667