1 0.83082 0.28783333333333333 0.01036 0.05725
1 0.9195 0.076 0.00784 0.03329166666666667
0 0.88054 0.0125 0.04282 0.025
0 0.76238 0.04945833333333333 0.05034 0.051000000000000004
1 0.6337200000000001 0.030208333333333334 0.005900000000000001 0.03954166666666667
0 0.5525399999999999 0.12025 0.07537999999999999 0.07808333333333332
0 0.40114 0.43720833333333337 0.06838 0.14991666666666664
0 0.29522000000000004 0.2389166666666667 0.09540000000000001 0.09058333333333332
0 0.02158 0.34299999999999997 0.04316 0.08433333333333333
0 0.44958 0.9622083333333333 0.05856 0.07558333333333334
0 0.26298 0.8468333333333333 0.07687999999999999 0.19675
0 0.34266 0.8234166666666667 0.09434000000000001 0.21654166666666666
0 0.9791 0.033749999999999995 0.01564 0.04454166666666667