0 0.5308999999999999 0.9331666666666667 0.06698 0.13366666666666666
0 0.61386 0.9179583333333333 0.061520000000000005 0.16408333333333333
0 0.54608 0.7143333333333334 0.06674 0.20516666666666666
0 0.316 0.813125 0.06012 0.19
0 0.28044 0.6167916666666666 0.12029999999999999 0.10133333333333333
0 0.3117 0.4547083333333333 0.05554 0.14291666666666666
0 0.28206 0.142375 0.07424 0.07037500000000001
0 0.21478 0.28529166666666667 0.09451999999999999 0.09204166666666666
0 0.37176 0.25475 0.07632 0.09308333333333334
0 0.5385 0.17716666666666667 0.0475 0.09608333333333333
0 0.62424 0.18066666666666667 0.07102 0.07508333333333334
0 0.6309600000000001 0.10558333333333333 0.06620000000000001 0.06908333333333333
0 0.8099400000000001 0.028541666666666667 0.04458 0.057041666666666664
0 0.8659 0.014 0.046020000000000005 0.028
1 0.8296399999999999 0.27775 0.00922 0.04504166666666667
1 0.79528 0.23370833333333335 0.00856 0.04504166666666667
1 0.8680800000000001 0.15733333333333333 0.00902 0.04629166666666666
1 0.80506 0.22949999999999998 0.007719999999999999 0.04625
0 0.336 0.9799583333333334 0.05932 0.04008333333333333