0 0.0213 0.290875 0.04258 0.09454166666666668
0 0.04604 0.08895833333333333 0.0854 0.088125
0 0.19756 0.13620833333333332 0.08852 0.09616666666666666
0 0.15026 0.4559166666666667 0.061579999999999996 0.15866666666666665
0 0.09179999999999999 0.8389583333333334 0.06772 0.23558333333333334
0 0.17948 0.8012916666666666 0.07851999999999999 0.21475
0 0.2537 0.9583333333333334 0.08392000000000001 0.08333333333333333
0 0.11794 0.988 0.056960000000000004 0.024
0 0.35484 0.9519166666666667 0.07548 0.09616666666666666
0 0.45252 0.9359166666666667 0.07396 0.12816666666666668
0 0.6775 0.09854166666666667 0.07324 0.088125
0 0.84748 0.020041666666666666 0.055920000000000004 0.04008333333333333
0 0.2191 0.42550000000000004 0.060840000000000005 0.17145833333333332
1 0.7759400000000001 0.47274999999999995 0.01482 0.080125
1 0.7597999999999999 0.4455 0.01174 0.08333333333333333