0 0.027579999999999997 0.9047083333333333 0.05514 0.19058333333333335
0 0.09508 0.8917083333333333 0.07895999999999999 0.20691666666666667
0 0.35631999999999997 0.8200000000000001 0.07478 0.179
0 0.43092 0.7863333333333333 0.07338 0.17516666666666666
0 0.61156 0.933125 0.055979999999999995 0.13379166666666667
0 0.2831 0.46437500000000004 0.05964 0.13570833333333335
0 0.22698 0.47591666666666665 0.05632 0.14341666666666666
0 0.1653 0.48412499999999997 0.05676 0.16170833333333334
0 0.10108 0.5014583333333333 0.046619999999999995 0.16362500000000002
0 0.39027999999999996 0.11791666666666667 0.06598000000000001 0.074125
0 0.19552 0.8892916666666667 0.07116 0.18645833333333334
1 0.5542 0.7905 0.01936 0.07375
0 0.49956 0.7525416666666668 0.06392 0.18866666666666668
0 0.61042 0.46629166666666666 0.06602 0.11929166666666666
1 0.92402 0.5525 0.01656 0.07483333333333334
1 0.72656 0.2992916666666667 0.00876 0.058041666666666665
1 0.7631 0.2195 0.011640000000000001 0.059416666666666666
0 0.01886 0.22408333333333333 0.037700000000000004 0.07116666666666666
0 0.13416 0.28470833333333334 0.1034 0.08620833333333335
0 0.33722 0.2520833333333333 0.08922 0.08387499999999999
0 0.5253 0.1985833333333333 0.0804 0.090625
0 0.40732 0.16820833333333332 0.08042 0.07616666666666667
0 0.2861 0.19570833333333332 0.086 0.08483333333333333
0 0.21669999999999998 0.15183333333333332 0.07221999999999999 0.06458333333333334
0 0.16118000000000002 0.2048333333333333 0.0925 0.07808333333333332
0 0.10542 0.15520833333333334 0.08372 0.07325
0 0.6613600000000001 0.15666666666666668 0.05546 0.06845833333333333
0 0.72776 0.05975 0.05684 0.057833333333333334
0 0.81288 0.03229166666666667 0.043859999999999996 0.05495833333333333
0 0.86448 0.015916666666666666 0.04432 0.03179166666666667
0 0.88714 0.04483333333333333 0.03968 0.043375000000000004
0 0.91072 0.00625 0.02138 0.0125
1 0.91916 0.671625 0.01476 0.05291666666666666
1 0.9965 0.7847916666666667 0.007 0.036041666666666666