0 0.7821 0.06766666666666667 0.1188 0.13533333333333333
1 0.8568 0.168625 0.00762 0.03125
1 0.75858 0.21066666666666667 0.015619999999999998 0.04870833333333333
1 0.7141799999999999 0.36779166666666663 0.01358 0.05845833333333333
1 0.78226 0.44937499999999997 0.01184 0.06820833333333334
1 0.1394 0.3938333333333333 0.01718 0.06974999999999999
0 0.02862 0.29691666666666666 0.05724 0.082125
0 0.07651999999999999 0.159125 0.08458 0.071875
0 0.21902000000000002 0.2797916666666667 0.10178 0.08554166666666667
0 0.60546 0.28191666666666665 0.06232 0.09325
0 0.60092 0.18054166666666666 0.06956 0.06858333333333334
0 0.48288 0.5799583333333334 0.10424 0.11108333333333334
0 0.40044 0.4344166666666667 0.053380000000000004 0.12658333333333333
0 0.32583999999999996 0.4830833333333333 0.0545 0.12745833333333334
0 0.25288 0.4817916666666667 0.04998 0.13004166666666667
0 0.19212 0.4964166666666667 0.05738 0.14895833333333333
0 0.10746 0.531875 0.05 0.16341666666666665
0 0.056479999999999995 0.888 0.07026 0.224
0 0.14958000000000002 0.8692083333333334 0.05634 0.2185416666666667
0 0.25038 0.832125 0.09328 0.21254166666666666
0 0.3649 0.7885000000000001 0.08462 0.1955
0 0.4467 0.9651666666666666 0.06504 0.06966666666666667
0 0.6226 0.91875 0.06116 0.1625
0 0.5256000000000001 0.7741666666666667 0.07046 0.15375
0 0.45272 0.782375 0.08626 0.16633333333333333
0 0.4327 0.23633333333333334 0.08344 0.06691666666666667