0 0.027579999999999997 0.9047083333333333 0.05514 0.19058333333333335
0 0.09508 0.8917083333333333 0.07895999999999999 0.20691666666666667
0 0.28054 0.843125 0.07845999999999999 0.19824999999999998
0 0.35631999999999997 0.8200000000000001 0.07478 0.179
0 0.43092 0.7863333333333333 0.07338 0.17516666666666666
0 0.61156 0.933125 0.055979999999999995 0.13379166666666667
0 0.49883999999999995 0.7521666666666668 0.06692000000000001 0.18191666666666664
0 0.3524 0.49279166666666663 0.061380000000000004 0.12895833333333334
0 0.2831 0.46437500000000004 0.05964 0.13570833333333335
0 0.22698 0.47591666666666665 0.05632 0.14341666666666666
0 0.1653 0.48412499999999997 0.05676 0.16170833333333334
0 0.10108 0.5014583333333333 0.046619999999999995 0.16362500000000002
0 0.1683 0.16554166666666664 0.08771999999999999 0.08279166666666667
0 0.39027999999999996 0.11791666666666667 0.06598000000000001 0.074125
0 0.19552 0.8892916666666667 0.07116 0.18645833333333334
0 0.9721599999999999 0.8831666666666667 0.0557 0.14308333333333334
0 0.65972 0.4166666666666667 0.07156 0.10845833333333334
1 0.20056000000000002 0.060708333333333336 0.01284 0.06208333333333334
1 0.27908 0.04541666666666667 0.00704 0.05191666666666667
0 0.2863 0.27095833333333336 0.08878 0.075625
0 0.27114 0.14816666666666667 0.08324 0.073875
0 0.4074 0.24158333333333332 0.09264 0.075625
0 0.51566 0.214 0.08706 0.073875
0 0.61602 0.17575 0.062259999999999996 0.057833333333333334
0 0.6352599999999999 0.10099999999999999 0.05888 0.0685
0 0.75398 0.04629166666666666 0.05886 0.07829166666666666
0 0.8498600000000001 0.021791666666666668 0.04304 0.043583333333333335
0 0.8994 0.008 0.03618 0.016
1 0.82078 0.2738333333333333 0.0081 0.051250000000000004
1 0.75466 0.197 0.008119999999999999 0.056916666666666664
1 0.80788 0.208375 0.01142 0.04908333333333333
1 0.7968 0.19295833333333334 0.01074 0.05291666666666666
1 0.7406 0.20220833333333335 0.01056 0.036083333333333335
1 0.72884 0.17629166666666668 0.00744 0.03979166666666667
1 0.7395 0.17445833333333333 0.010320000000000001 0.03054166666666667