0 0.16244 0.10245833333333333 0.08766 0.07200000000000001
0 0.27938 0.08149999999999999 0.0717 0.06329166666666666
0 0.04018 0.44337499999999996 0.06494 0.14316666666666666
0 0.17116 0.44495833333333334 0.06562 0.15583333333333332
0 0.027280000000000002 0.8460416666666667 0.05128 0.20170833333333332
0 0.13168000000000002 0.8104583333333333 0.0702 0.22704166666666667
0 0.13396 0.98375 0.07484 0.0325
0 0.29381999999999997 0.9714583333333333 0.07940000000000001 0.057041666666666664
0 0.24542 0.7712916666666667 0.06678 0.21991666666666668
0 0.39102 0.7222500000000001 0.074 0.22783333333333333
0 0.46792 0.7214583333333333 0.06523999999999999 0.180375
0 0.49563999999999997 0.9152916666666666 0.09954 0.169375
0 0.6082000000000001 0.89475 0.06806 0.21050000000000002
0 0.5442400000000001 0.664875 0.06676 0.20645833333333333
0 0.008400000000000001 0.22808333333333333 0.016800000000000002 0.059666666666666666
0 0.33114 0.19729166666666667 0.10296 0.09241666666666666
0 0.61018 0.131375 0.07062 0.074125
1 0.77116 0.13379166666666667 0.00914 0.0385
1 0.8982 0.08612500000000001 0.010039999999999999 0.041375
1 0.97694 0.449 0.01418 0.05679166666666667
1 0.71572 0.30654166666666666 0.01192 0.06641666666666667
1 0.76446 0.5437916666666667 0.01812 0.06354166666666666
1 0.7526799999999999 0.5370416666666666 0.01302 0.05583333333333333