1 0.59212 0.294875 0.01632 0.06408333333333334
1 0.6944199999999999 0.71875 0.01634 0.07854166666666668
0 0.06104 0.14662499999999998 0.056960000000000004 0.07854166666666668
0 0.03872 0.490375 0.04464 0.14104166666666668
0 0.02822 0.9126666666666666 0.05644 0.17466666666666666
0 0.09872 0.90225 0.06302 0.18908333333333335
0 0.09526000000000001 0.4895833333333333 0.062259999999999996 0.15866666666666665
0 0.15947999999999998 0.4895833333333333 0.06608 0.16187500000000002
0 0.22446000000000002 0.48558333333333337 0.06684 0.13141666666666665
0 0.24330000000000002 0.8541666666666666 0.08145999999999999 0.19229166666666667
0 0.36522000000000004 0.9775833333333334 0.06394 0.04483333333333333
0 0.31908 0.83175 0.08220000000000001 0.18591666666666665
0 0.39444 0.8172916666666666 0.08218 0.18908333333333335
0 0.5375 0.9295000000000001 0.08676 0.14100000000000001
0 0.62018 0.9255 0.05368 0.149
0 0.52866 0.736375 0.08907999999999999 0.18108333333333335
0 0.34598 0.4887916666666667 0.08528 0.15062499999999998
0 0.41906 0.46075 0.08064 0.13620833333333332
1 0.51406 0.011208333333333332 0.00754 0.022416666666666665
1 0.57404 0.3453333333333333 0.015220000000000001 0.0625
0 0.01476 0.349375 0.0295 0.06729166666666667