0 0.11348 0.8185833333333333 0.0861 0.243625
0 0.0431 0.46270833333333333 0.04642 0.12679166666666666
0 0.22962 0.423125 0.06344 0.156875
0 0.28934 0.4080416666666667 0.06495999999999999 0.14104166666666668
0 0.39392 0.385875 0.05734 0.128375
0 0.44112 0.9387083333333333 0.0714 0.122625
0 0.54 0.9079999999999999 0.08636 0.184
0 0.62542 0.9 0.06504 0.2
0 0.56348 0.6758333333333333 0.08446 0.180625
0 0.43151999999999996 0.7621666666666667 0.08876 0.19487500000000002
0 0.3508 0.7719583333333334 0.07854000000000001 0.18954166666666666
0 0.99234 0.722125 0.01532 0.06495833333333333
1 0.7223999999999999 0.2505 0.01202 0.059625000000000004
1 0.8661 0.11125 0.01248 0.06583333333333334
1 0.63678 0.009041666666666667 0.01048 0.018041666666666668