1 0.673 0.360875 0.012 0.057416666666666664
1 0.77918 0.162125 0.01582 0.04729166666666666
0 0.95724 0.8317916666666666 0.08554 0.21470833333333333
0 0.76738 0.6783333333333333 0.08266 0.15016666666666667
0 0.6109199999999999 0.9247916666666666 0.05702 0.15041666666666667
0 0.53222 0.9392916666666667 0.0589 0.12141666666666667
0 0.44908 0.9623333333333334 0.0633 0.07533333333333332
1 0.52242 0.6928333333333333 0.008960000000000001 0.036875
0 0.4987 0.7567083333333334 0.06376 0.17516666666666666
0 0.5578200000000001 0.7211666666666667 0.06564 0.154125
0 0.5792999999999999 0.561125 0.09724 0.09483333333333334
0 0.61472 0.2904583333333333 0.05298 0.10670833333333334
0 0.6614 0.1607916666666667 0.07004 0.07254166666666667
0 0.62166 0.0985 0.06642 0.06929166666666667
0 0.40496 0.44766666666666666 0.06436 0.1396666666666667
0 0.35118 0.46608333333333335 0.0389 0.13316666666666668
0 0.28156 0.46120833333333333 0.0597 0.13425
0 0.2236 0.4720416666666667 0.06436 0.15591666666666668
0 0.16438 0.4844583333333333 0.04984 0.15266666666666667
0 0.09758 0.48825 0.0545 0.15158333333333335
0 0.027120000000000002 0.9054583333333334 0.054240000000000003 0.18912500000000002
0 0.11084000000000001 0.9002083333333334 0.07476000000000001 0.17645833333333333
0 0.18982 0.8742083333333334 0.06954 0.1872916666666667
0 0.28102 0.846625 0.08254 0.19054166666666666
0 0.36207999999999996 0.8027916666666666 0.07940000000000001 0.18945833333333334
0 0.43274 0.76325 0.05652 0.19054166666666666
0 0.20686000000000002 0.27749999999999997 0.0922 0.08145833333333334
0 0.36713999999999997 0.24708333333333332 0.08746 0.08579166666666667
0 0.33248 0.16779166666666667 0.11406000000000001 0.10099999999999999