0 0.61994 0.9257083333333332 0.05292 0.14854166666666666
0 0.54228 0.9364166666666667 0.06776 0.12712500000000002
0 0.4435 0.966875 0.06609999999999999 0.06620833333333334
0 0.38827999999999996 0.8069166666666666 0.08762 0.17254166666666665
0 0.39882 0.44487499999999996 0.05782 0.12516666666666668
0 0.25324 0.47870833333333335 0.05136 0.13870833333333332
0 0.165 0.8599166666666667 0.05256 0.21541666666666667
0 0.06216 0.8952916666666667 0.05896 0.20941666666666667
0 0.05296 0.4871666666666667 0.0503 0.16466666666666668
0 0.11818000000000001 0.49733333333333335 0.0465 0.18045833333333333
0 0.23698 0.99325 0.03234 0.013458333333333333