0 0.027379999999999998 0.8484166666666667 0.054759999999999996 0.19479166666666667
0 0.1315 0.8117916666666667 0.06912 0.22970833333333335
0 0.2939 0.9695 0.07844 0.06095833333333334
0 0.60814 0.8929583333333333 0.06712 0.21408333333333335
0 0.54384 0.6654166666666667 0.06581999999999999 0.20716666666666667
0 0.38902 0.733 0.0772 0.18916666666666665
0 0.24662 0.7695833333333333 0.06481999999999999 0.22179166666666666
0 0.17122 0.447 0.06423999999999999 0.146375
0 0.163 0.10633333333333334 0.0882 0.07604166666666666
0 0.27848 0.08516666666666667 0.06968 0.06641666666666667
1 0.10398 0.34608333333333335 0.01418 0.06691666666666667
1 0.13938 0.33049999999999996 0.0171 0.07379166666666667
0 0.28981999999999997 0.206125 0.0945 0.0715
0 0.45648 0.16504166666666667 0.09048 0.08216666666666667
0 0.4709 0.11066666666666666 0.07844 0.06616666666666667
0 0.7905399999999999 0.06579166666666666 0.061259999999999995 0.07683333333333334
0 0.765 0.027375 0.05468 0.05475
1 0.67592 0.008 0.00432 0.015958333333333335
1 0.8685 0.10079166666666667 0.0077599999999999995 0.054000000000000006
1 0.77664 0.5137083333333333 0.01584 0.07104166666666667
1 0.76312 0.5001666666666666 0.01584 0.06429166666666666