0 0.0878 0.45249999999999996 0.061579999999999996 0.1579583333333333
0 0.17722 0.45249999999999996 0.05958 0.13658333333333333
0 0.15236000000000002 0.8124166666666667 0.05572 0.196625
0 0.26688 0.40725 0.056420000000000005 0.15304166666666666
0 0.33152 0.409625 0.07864 0.16208333333333333
0 0.39698 0.38833333333333336 0.05836 0.12833333333333333
0 0.98124 0.7407916666666666 0.037520000000000005 0.105875
0 0.10614 0.09341666666666668 0.07894 0.076
1 0.51954 0.8249583333333333 0.02868 0.086625
1 0.46342 0.565125 0.01602 0.05629166666666666
1 0.40888 0.26475 0.013619999999999998 0.05604166666666666
0 0.40718 0.18154166666666666 0.0922 0.08541666666666667
0 0.53828 0.142375 0.07336 0.08187499999999999
0 0.6346 0.105875 0.05928 0.06941666666666667
1 0.6897000000000001 0.016458333333333335 0.00718 0.03291666666666667
1 0.76252 0.13925 0.017839999999999998 0.050708333333333334
1 0.88414 0.09058333333333332 0.009460000000000001 0.043041666666666666
0 0.1222 0.22545833333333334 0.08843999999999999 0.07912499999999999
1 0.97046 0.086625 0.0073 0.03558333333333333