0 0.02998 0.4959166666666667 0.05056 0.16275
0 0.11176 0.5210833333333333 0.04324 0.16391666666666668
0 0.05584 0.8875833333333334 0.06972 0.22483333333333333
0 0.14968 0.870625 0.057280000000000005 0.21429166666666666
0 0.18424000000000001 0.4994166666666667 0.061200000000000004 0.15341666666666667
0 0.44472 0.9725833333333332 0.059840000000000004 0.054875
0 0.46212000000000003 0.768125 0.07162 0.198125
0 0.32598 0.479625 0.05398 0.13858333333333334
0 0.39976 0.4330416666666667 0.05292 0.11908333333333333
0 0.95948 0.047875 0.03282 0.058291666666666665
0 0.07632 0.16058333333333333 0.0857 0.07495833333333332
0 0.24644 0.14250000000000002 0.083 0.09070833333333334
0 0.3526 0.12679166666666666 0.06786 0.075875
1 0.82682 0.8681249999999999 0.01444 0.07316666666666666
0 0.30710000000000004 0.6679583333333333 0.11956 0.10779166666666667
0 0.15281999999999998 0.6068333333333332 0.01242 0.07024999999999999
1 0.1736 0.38237499999999996 0.01534 0.05404166666666667
0 0.22956000000000001 0.26575 0.09458 0.07708333333333334
1 0.27183999999999997 0.05554166666666667 0.01388 0.059041666666666666
1 0.7575599999999999 0.22720833333333335 0.01092 0.05404166666666667
0 0.4535 0.14995833333333333 0.07637999999999999 0.073875
0 0.64742 0.14458333333333334 0.10712 0.11833333333333333
0 0.7687200000000001 0.03825 0.04986 0.06408333333333334
0 0.87806 0.07741666666666666 0.05586 0.06583333333333334