1 0.80238 0.40449999999999997 0.01112 0.05625
1 0.79116 0.4029166666666667 0.01208 0.05466666666666666
1 0.8269 0.238875 0.01282 0.06258333333333334
1 0.80698 0.1875 0.010539999999999999 0.05220833333333333
0 0.7111000000000001 0.025708333333333333 0.0603 0.051416666666666666
0 0.5704400000000001 0.058124999999999996 0.06222 0.07200000000000001
0 0.11838 0.23691666666666666 0.1575 0.16691666666666669
0 0.174 0.08149999999999999 0.08498 0.07120833333333333
0 0.06428 0.1515 0.0888 0.06883333333333333
0 0.00634 0.28833333333333333 0.01266 0.07516666666666666
0 0.00538 0.4880833333333333 0.01076 0.10441666666666666
0 0.07623999999999999 0.5956666666666667 0.115 0.10916666666666666
0 0.0451 0.44416666666666665 0.047420000000000004 0.14475000000000002
0 0.13604 0.4497083333333334 0.0546 0.16533333333333333
0 0.24312 0.41174999999999995 0.06448000000000001 0.16849999999999998
0 0.3088 0.40779166666666666 0.05916 0.14950000000000002
0 0.36025999999999997 0.5549166666666667 0.12332 0.10995833333333334
0 0.04114 0.818375 0.037200000000000004 0.17958333333333334
0 0.24922 0.9604166666666667 0.13824 0.07920833333333334
0 0.20194 0.8152083333333333 0.06868 0.21279166666666666
0 0.28014 0.7950416666666666 0.08386 0.20091666666666666
0 0.35398 0.7598333333333334 0.08270000000000001 0.18116666666666664
0 0.46544 0.7174999999999999 0.06412000000000001 0.17720833333333333
0 0.5415599999999999 0.7012916666666666 0.057640000000000004 0.18591666666666665