1 0.38330000000000003 0.7532083333333334 0.0155 0.07370833333333333
1 0.35638 0.7524166666666667 0.01548 0.08491666666666667
1 0.15102000000000002 0.32691666666666663 0.015439999999999999 0.07691666666666667
0 0.0895 0.09533333333333333 0.09387999999999999 0.08175
0 0.30213999999999996 0.40225000000000005 0.06681999999999999 0.15062499999999998
0 0.2514 0.5713333333333334 0.11159999999999999 0.12020833333333333
0 0.02476 0.8525833333333334 0.0495 0.22116666666666665
0 0.1014 0.853375 0.07148 0.22595833333333332
0 0.23986000000000002 0.9663333333333333 0.08392000000000001 0.06729166666666667
0 0.2014 0.8020833333333334 0.08992 0.23558333333333334
0 0.31406 0.775625 0.09373999999999999 0.25
0 0.5406 0.89425 0.09476000000000001 0.21154166666666668
0 0.66864 0.03204166666666667 0.06595999999999999 0.06408333333333334
0 0.8801599999999999 0.020041666666666666 0.04438 0.04008333333333333