0 0.0878 0.45249999999999996 0.061579999999999996 0.1579583333333333
0 0.17722 0.45249999999999996 0.05958 0.13658333333333333
0 0.15236000000000002 0.8124166666666667 0.05572 0.196625
0 0.26688 0.40725 0.056420000000000005 0.15304166666666666
0 0.33204 0.41504166666666664 0.07864 0.16208333333333333
0 0.39698 0.38833333333333336 0.05836 0.12833333333333333
0 0.98124 0.7407916666666666 0.037520000000000005 0.105875
0 0.10614 0.09341666666666668 0.07894 0.076
1 0.31507999999999997 0.479375 0.0115 0.07216666666666667
1 0.30551999999999996 0.4395833333333333 0.01194 0.0685
1 0.7143999999999999 0.44654166666666667 0.019440000000000002 0.06754166666666667
1 0.84656 0.7431249999999999 0.01812 0.08512499999999999
0 0.72212 0.021666666666666667 0.0544 0.043333333333333335