0 0.07732 0.15966666666666668 0.08592 0.08004166666666666
0 0.10736 0.5320416666666666 0.05396 0.16875
0 0.19197999999999998 0.49404166666666666 0.05738 0.16083333333333333
0 0.25226 0.48175 0.0509 0.12995833333333334
0 0.32530000000000003 0.48370833333333335 0.05632 0.13075
0 0.4004 0.4337916666666667 0.05064 0.12120833333333333
0 0.056240000000000005 0.8860416666666667 0.07186 0.22791666666666668
0 0.14764 0.8666250000000001 0.055619999999999996 0.22008333333333333
0 0.24853999999999998 0.8339583333333334 0.09154000000000001 0.20979166666666668
0 0.44539999999999996 0.965125 0.06528 0.06974999999999999
0 0.36512 0.7879583333333334 0.08454 0.1985833333333333
0 0.45488 0.7797916666666667 0.0808 0.175375
0 0.62222 0.9169583333333333 0.061579999999999996 0.16604166666666667
0 0.52442 0.7737499999999999 0.07462 0.1564583333333333
1 0.64218 0.06170833333333334 0.00664 0.03679166666666667
1 0.6523 0.00975 0.00508 0.0195
1 0.63724 0.010833333333333334 0.0071600000000000006 0.021666666666666667
1 0.73986 0.25658333333333333 0.0048200000000000005 0.03895833333333333
1 0.74948 0.2527916666666667 0.0095 0.04654166666666667
0 0.39224000000000003 0.1705 0.0815 0.07904166666666666
0 0.60242 0.18025 0.0695 0.07470833333333333
0 0.43276 0.23870833333333333 0.08564 0.07470833333333333
0 0.31401999999999997 0.26145833333333335 0.09762 0.08554166666666667
0 0.1805 0.286375 0.10598 0.08554166666666667
0 0.0304 0.2860833333333333 0.0608 0.08633333333333333
0 0.63706 0.3534583333333333 0.059840000000000004 0.10345833333333333
0 0.89824 0.010624999999999999 0.04002 0.021249999999999998
0 0.84948 0.017916666666666668 0.04448 0.035875
0 0.8383200000000001 0.12420833333333332 0.11144 0.20058333333333334