0 0.027379999999999998 0.8484166666666667 0.054759999999999996 0.19479166666666667
0 0.1315 0.8117916666666667 0.06912 0.22970833333333335
0 0.2939 0.9695 0.07844 0.06095833333333334
0 0.60814 0.8929583333333333 0.06712 0.21408333333333335
0 0.54384 0.6654166666666667 0.06581999999999999 0.20716666666666667
0 0.38902 0.733 0.0772 0.18916666666666665
0 0.24662 0.7695833333333333 0.06481999999999999 0.22179166666666666
0 0.17122 0.447 0.06423999999999999 0.146375
0 0.163 0.10633333333333334 0.0882 0.07604166666666666
0 0.27848 0.08516666666666667 0.06968 0.06641666666666667
1 0.67284 0.22004166666666666 0.013800000000000002 0.058041666666666665
0 0.5862999999999999 0.3084166666666667 0.04106 0.13658333333333333
0 0.8881 0.029708333333333333 0.04466 0.051166666666666666
0 0.7692599999999999 0.026833333333333334 0.0653 0.05366666666666667
0 0.5674199999999999 0.07883333333333334 0.07995999999999999 0.060250000000000005
0 0.37012 0.11925000000000001 0.08231999999999999 0.0685
1 0.76322 0.17387499999999997 0.011619999999999998 0.051541666666666666
1 0.8009 0.19954166666666667 0.01314 0.056374999999999995