1 0.04296 0.3958333333333333 0.016120000000000002 0.07691666666666667
0 0.00744 0.15383333333333335 0.0149 0.057708333333333334
0 0.09462000000000001 0.14345833333333333 0.0832 0.076125
0 0.1997 0.12995833333333334 0.082 0.08195833333333334
0 0.09881999999999999 0.4935833333333333 0.05898 0.16275
0 0.0209 0.8811666666666667 0.0418 0.22833333333333333
0 0.19491999999999998 0.8530416666666666 0.0702 0.23066666666666666
0 0.361 0.9760000000000001 0.056299999999999996 0.048
0 0.45008 0.9607916666666667 0.05912 0.07841666666666666
0 0.54506 0.9344166666666667 0.06926 0.131125
0 0.6184 0.9496666666666667 0.04736 0.10070833333333334
0 0.55404 0.7236666666666667 0.06898 0.178
0 0.44812 0.7792916666666667 0.08979999999999999 0.20491666666666666
0 0.36745999999999995 0.7892499999999999 0.08702 0.21079166666666668
0 0.27502 0.8477916666666666 0.07862000000000001 0.2225
0 0.2205 0.46662499999999996 0.05278 0.16041666666666668
0 0.2826 0.47250000000000003 0.055560000000000005 0.13466666666666666
1 0.7913 0.20704166666666665 0.00874 0.06333333333333332