1 0.64362 0.055125 0.0055 0.039875
0 0.71848 0.072125 0.06066 0.07154166666666667
1 0.43366000000000005 0.42220833333333335 0.0147 0.06566666666666666
0 0.85302 0.9650416666666667 0.11131999999999999 0.06991666666666667
0 0.15668 0.8632083333333332 0.05298 0.19
0 0.25236000000000003 0.6720416666666666 0.10686 0.11258333333333333
0 0.09136 0.5060833333333333 0.05622 0.14895833333333333
0 0.18396 0.5055 0.053380000000000004 0.11962500000000001
0 0.27036 0.4574166666666667 0.05392 0.13841666666666666
0 0.33566 0.46620833333333334 0.07529999999999999 0.16066666666666668
0 0.40096 0.43804166666666666 0.05952 0.12783333333333333
0 0.11220000000000001 0.146 0.071 0.07625