0 0.0878 0.45249999999999996 0.061579999999999996 0.1579583333333333
0 0.17722 0.45249999999999996 0.05958 0.13658333333333333
0 0.15236000000000002 0.8124166666666667 0.05572 0.196625
0 0.26688 0.40725 0.056420000000000005 0.15304166666666666
0 0.33204 0.41504166666666664 0.07864 0.16208333333333333
0 0.39698 0.38833333333333336 0.05836 0.12833333333333333
0 0.98124 0.7407916666666666 0.037520000000000005 0.105875
0 0.10614 0.09341666666666668 0.07894 0.076
1 0.77426 0.4780833333333333 0.014539999999999999 0.06933333333333333
1 0.7671399999999999 0.906625 0.0202 0.07616666666666667
0 0.8194199999999999 0.7523333333333333 0.06024 0.16987500000000003
1 0.31698000000000004 0.47879166666666667 0.01456 0.07820833333333334
1 0.28572000000000003 0.3476666666666667 0.012199999999999999 0.04991666666666667