0 0.08526 0.888625 0.07918 0.22275
0 0.1737 0.8797916666666666 0.07454000000000001 0.22437500000000002
0 0.36062 0.97275 0.06394 0.0545
0 0.1737 0.4847916666666666 0.06531999999999999 0.13620833333333332
0 0.32292000000000004 0.46875 0.062200000000000005 0.133
0 0.58212 0.6875 0.0883 0.17308333333333334
0 0.6275 0.9174583333333334 0.06828000000000001 0.16508333333333333
0 0.69248 0.42866666666666664 0.07212 0.12020833333333333
0 0.60136 0.1795 0.06708 0.07691666666666667
0 0.73942 0.12979166666666667 0.06018 0.07050000000000001
0 0.58828 0.12820833333333334 0.054759999999999996 0.06408333333333334