0 0.027059999999999997 0.892625 0.054119999999999994 0.21475
0 0.17332 0.14020833333333332 0.083 0.07854166666666668
0 0.09756000000000001 0.8910416666666666 0.06688 0.21795833333333334
0 0.24791999999999997 0.8757916666666666 0.08145999999999999 0.20991666666666667
0 0.21024 0.4967916666666667 0.05992 0.13141666666666665
0 0.52328 0.7564166666666666 0.07524 0.1795
0 0.62982 0.9206666666666667 0.0594 0.15866666666666665
0 0.4556 0.5704999999999999 0.10294 0.12179166666666667
0 0.27254 0.46954166666666663 0.06316 0.15062499999999998
0 0.40136 0.4270833333333333 0.07142 0.16508333333333333
0 0.7044 0.588125 0.06826 0.15062499999999998
0 0.95092 0.056875 0.03668 0.059291666666666666