0 0.02398 0.853375 0.04796 0.21633333333333335
0 0.23986000000000002 0.9695416666666666 0.08084000000000001 0.06091666666666666
0 0.31560000000000005 0.78525 0.0799 0.21154166666666668
0 0.54252 0.89425 0.09244 0.2115
0 0.39598 0.41345833333333337 0.06526 0.12820833333333334
0 0.00898 0.3020833333333333 0.01796 0.06570833333333333
0 0.08256000000000001 0.09054166666666667 0.08618 0.08491666666666667
0 0.19178 0.07933333333333333 0.07684 0.07854166666666668
0 0.86554 0.6362083333333334 0.0813 0.14741666666666667
1 0.10948000000000001 0.3413333333333333 0.0185 0.07691666666666667
1 0.65788 0.028833333333333332 0.01214 0.057666666666666665
1 0.80756 0.123375 0.0074199999999999995 0.04883333333333333
0 0.99514 0.7163333333333333 0.009720000000000001 0.0545