0 0.013699999999999999 0.8133750000000001 0.027420000000000003 0.20154166666666665
0 0.15258000000000002 0.8305 0.07464 0.21208333333333332
1 0.24646 0.7969166666666666 0.01574 0.07641666666666666
1 0.30839999999999995 0.82325 0.01446 0.050041666666666665
1 0.38364 0.6638750000000001 0.01064 0.0685
1 0.5894199999999999 0.296375 0.016579999999999998 0.057958333333333334
1 0.6099600000000001 0.29375 0.015960000000000002 0.065875
0 0.6219600000000001 0.8958333333333334 0.053899999999999997 0.20833333333333334
0 0.32736000000000004 0.7481666666666666 0.05364 0.19229166666666667
0 0.40956 0.44125000000000003 0.07512 0.14225000000000002
0 0.3356 0.42741666666666667 0.06774 0.13304166666666667
0 0.73168 0.018458333333333334 0.04412 0.036875
1 0.68774 0.021083333333333332 0.0081 0.042166666666666665
1 0.9929600000000001 0.485375 0.01408 0.054000000000000006
1 0.37788 0.6340833333333333 0.01116 0.057374999999999995