0 0.09594 0.14270833333333333 0.0849 0.08537499999999999
0 0.03182 0.4982916666666667 0.05854 0.167125
0 0.09738 0.494625 0.05734 0.16466666666666668
0 0.16706000000000001 0.494 0.04914 0.14879166666666668
0 0.09884 0.8861666666666667 0.06964000000000001 0.20858333333333334
0 0.32130000000000003 0.4726666666666667 0.06608 0.16224999999999998
0 0.44952 0.9604583333333333 0.060399999999999995 0.07908333333333334
0 0.53646 0.9366666666666668 0.07271999999999999 0.12662500000000002
0 0.62382 0.9250416666666667 0.06172 0.14991666666666664
0 0.7870199999999999 0.9329166666666667 0.09201999999999999 0.13416666666666668
0 0.5535599999999999 0.724 0.068 0.17566666666666667
0 0.49763999999999997 0.21279166666666666 0.08368 0.09233333333333334
0 0.87302 0.703125 0.0736 0.14425
0 0.817 0.07975 0.05278 0.06804166666666665
1 0.75228 0.18470833333333334 0.00912 0.04808333333333333
1 0.8944 0.14341666666666666 0.01176 0.0625