1 0.53214 0.594875 0.01528 0.0445
1 0.6715399999999999 0.2921666666666667 0.00966 0.059708333333333335
1 0.91962 0.41675 0.011439999999999999 0.041124999999999995
1 0.9289400000000001 0.4220833333333333 0.01326 0.059416666666666666
1 0.7152200000000001 0.11962500000000001 0.01128 0.048749999999999995
1 0.7001799999999999 0.08266666666666667 0.009699999999999999 0.05279166666666667
0 0.7559199999999999 0.05629166666666666 0.0567 0.061000000000000006
0 0.8566 0.017875 0.047240000000000004 0.035791666666666666
1 0.94616 0.100125 0.0066 0.037875
1 0.9012 0.132625 0.010539999999999999 0.04654166666666667
0 0.5936 0.44225 0.04476 0.15266666666666667
0 0.30944 0.45387500000000003 0.05188 0.13741666666666666
0 0.16578 0.15770833333333334 0.08538 0.076
0 0.2807 0.14366666666666666 0.07135999999999999 0.07079166666666666
0 0.06036 0.5085416666666667 0.05042 0.15304166666666666
0 0.31542000000000003 0.8135416666666667 0.06086 0.19466666666666665
0 0.38312 0.7822916666666667 0.06934 0.17383333333333334
0 0.61346 0.9200416666666666 0.0633 0.15991666666666668
0 0.54676 0.7187916666666666 0.0698 0.20716666666666667
0 0.33792 0.9815833333333334 0.06624 0.036875