0 0.009300000000000001 0.5018333333333334 0.018600000000000002 0.14887499999999998
0 0.055659999999999994 0.5114166666666666 0.05464 0.15899999999999997
0 0.12819999999999998 0.50525 0.0557 0.155625
0 0.21181999999999998 0.49283333333333335 0.05514 0.151125
1 0.22156 0.3760833333333334 0.00764 0.06204166666666667
1 0.21559999999999999 0.35525 0.0086 0.056374999999999995
0 0.10166 0.21541666666666667 0.09251999999999999 0.08795833333333333
0 0.01418 0.14716666666666667 0.02834 0.07104166666666667
0 0.10356 0.13983333333333334 0.08656 0.07441666666666666
0 0.04462 0.9055416666666667 0.0701 0.18895833333333334
0 0.13188 0.8600833333333333 0.06581999999999999 0.22995833333333332
0 0.2061 0.8614166666666667 0.06794 0.18629166666666666
0 0.28632 0.84625 0.08120000000000001 0.19341666666666668
0 0.36888 0.83825 0.07262 0.1845
0 0.5376599999999999 0.955875 0.052719999999999996 0.08820833333333335
0 0.62748 0.9077500000000001 0.06558 0.1845
0 0.44482 0.7682916666666666 0.05938 0.21212499999999998
0 0.5166799999999999 0.75 0.06364 0.19162500000000002
0 0.59176 0.68225 0.06148 0.2647083333333333
0 0.26366 0.12479166666666666 0.07278 0.08379166666666667
0 0.29616000000000003 0.4875416666666667 0.0487 0.13904166666666665
0 0.3522 0.48041666666666666 0.046119999999999994 0.123
0 0.41336 0.4385 0.0675 0.15508333333333332
1 0.71992 0.5967083333333334 0.01932 0.06683333333333333
1 0.6777799999999999 0.13504166666666664 0.00604 0.04545833333333334
0 0.72334 0.0575 0.05682 0.06508333333333333
0 0.8508 0.018291666666666664 0.04482 0.03654166666666667
0 0.9543200000000001 0.050374999999999996 0.02596 0.043666666666666666