0 0.12766 0.5057916666666666 0.05896 0.15899999999999997
0 0.28488 0.848625 0.08004 0.19508333333333333
0 0.19426 0.5020416666666666 0.05148 0.13420833333333335
0 0.53606 0.9553333333333334 0.056479999999999995 0.08933333333333333
0 0.62578 0.9090416666666666 0.06698 0.18191666666666664
0 0.3523 0.469875 0.04108 0.14095833333333332
0 0.41206 0.44054166666666666 0.06812 0.150375
0 0.56408 0.12691666666666668 0.0733 0.07970833333333333
0 0.8172 0.06729166666666667 0.05786 0.058499999999999996
1 0.6108 0.015708333333333335 0.00736 0.03145833333333333
0 0.9542200000000001 0.048875 0.02572 0.03320833333333333