1 0.88336 0.9380833333333333 0.0154 0.06470833333333333
1 0.73876 0.988375 0.01476 0.023208333333333334
1 0.79934 0.8600833333333333 0.015380000000000001 0.058333333333333334
1 0.75854 0.69325 0.016579999999999998 0.06470833333333333
1 0.92232 0.6082916666666667 0.014199999999999999 0.052000000000000005
1 0.71136 0.5886250000000001 0.01354 0.05329166666666666
1 0.659 0.35583333333333333 0.013519999999999999 0.059625000000000004
1 0.68204 0.2857083333333333 0.013619999999999998 0.058374999999999996
1 0.66126 0.28362499999999996 0.013099999999999999 0.058374999999999996
1 0.73056 0.17829166666666665 0.0114 0.058374999999999996
1 0.7183999999999999 0.098375 0.00662 0.05516666666666667
1 0.70816 0.10200000000000001 0.010119999999999999 0.047875
1 0.37962 0.49170833333333336 0.00966 0.06316666666666666
1 0.24258000000000002 0.093125 0.00888 0.021666666666666667
0 0.07759999999999999 0.16133333333333333 0.08832 0.07579166666666667
0 0.26830000000000004 0.201375 0.09242 0.086625
0 0.22596 0.145625 0.07632 0.06604166666666667
0 0.05264 0.49095833333333333 0.054 0.204625
0 0.05522 0.8894583333333334 0.06872 0.22108333333333335
0 0.14884 0.8650416666666667 0.052840000000000005 0.21025
0 0.25096 0.8295833333333333 0.09172 0.2152916666666667
0 0.36401999999999995 0.7890416666666666 0.08562 0.19758333333333333
0 0.44730000000000003 0.9648333333333333 0.061520000000000005 0.07037500000000001
0 0.83392 0.8707499999999999 0.05912 0.15070833333333333
0 0.62298 0.9185833333333334 0.06006 0.16283333333333333
0 0.52542 0.7732083333333333 0.07164 0.15070833333333333
0 0.4537 0.7833333333333333 0.08016 0.16845833333333332
0 0.2531 0.48133333333333334 0.05074 0.1295
0 0.32552 0.4830416666666667 0.05182 0.126125
0 0.40036 0.43687499999999996 0.05018 0.11258333333333333
0 0.78488 0.043333333333333335 0.04854 0.06641666666666667
0 0.8481000000000001 0.019708333333333335 0.05068 0.03941666666666667