1 0.45148 0.9054166666666668 0.02284 0.07979166666666666
1 0.70284 0.968125 0.02336 0.06375
1 0.8305800000000001 0.6499583333333334 0.01824 0.069125
1 0.9636399999999999 0.44304166666666667 0.01964 0.06004166666666667
1 0.73562 0.3875416666666667 0.0121 0.063125
1 0.71608 0.384875 0.0132 0.044125
1 0.70624 0.3655 0.013179999999999999 0.050958333333333335
1 0.72522 0.27799999999999997 0.01382 0.060083333333333336
1 0.7449199999999999 0.19433333333333333 0.0182 0.058583333333333334
1 0.8294400000000001 0.22704166666666667 0.01416 0.04945833333333333
0 0.78016 0.0445 0.05946 0.060083333333333336
0 0.5486 0.13370833333333335 0.07878 0.06766666666666667
0 0.62328 0.2810416666666667 0.05776 0.10316666666666667
0 0.5692200000000001 0.502625 0.09158 0.097375
0 0.6113200000000001 0.8845 0.0583 0.19058333333333335
0 0.49862 0.9152916666666666 0.08968000000000001 0.16941666666666666
0 0.54412 0.6660416666666666 0.06428 0.20983333333333334
0 0.46788 0.7232916666666667 0.06508 0.18383333333333332
0 0.39189999999999997 0.7218333333333333 0.0711 0.23099999999999998
0 0.29510000000000003 0.971125 0.07076 0.057749999999999996
0 0.13482 0.9845833333333334 0.06886 0.030791666666666665
0 0.2459 0.7695000000000001 0.06274 0.21845833333333334
0 0.13226 0.8099166666666666 0.06738 0.22616666666666668
0 0.027420000000000003 0.849375 0.05176 0.19920833333333335
0 0.1713 0.4437083333333333 0.06322 0.154
0 0.0378 0.44320833333333337 0.0624 0.13570833333333335
0 0.16922 0.22570833333333334 0.1062 0.09141666666666667
0 0.16438 0.10200000000000001 0.08264 0.067375
0 0.2787 0.08229166666666667 0.06366 0.06833333333333333