0 0.028480000000000002 0.8485833333333334 0.052899999999999996 0.19758333333333333
0 0.1318 0.8112083333333333 0.06986 0.22416666666666665
0 0.38164 0.72825 0.06858 0.17983333333333332
0 0.6093 0.8882083333333333 0.06338 0.22362500000000002
0 0.54364 0.6649166666666667 0.06308 0.20770833333333333
0 0.17132 0.44645833333333335 0.06498000000000001 0.15325
0 0.16428 0.10316666666666667 0.08658 0.07866666666666666
0 0.28042 0.08145833333333334 0.07278 0.06291666666666666
1 0.50364 0.8615833333333334 0.019899999999999998 0.07216666666666667
1 0.88632 0.8944583333333332 0.01964 0.07866666666666666
1 0.89408 0.745 0.015460000000000002 0.05554166666666667
1 0.91808 0.538625 0.01456 0.06108333333333334
0 0.77506 0.9428333333333333 0.10088 0.11433333333333334
0 0.76622 0.587 0.07890000000000001 0.14216666666666666
0 0.65484 0.3606666666666667 0.055659999999999994 0.11091666666666668
0 0.5308200000000001 0.15004166666666666 0.08742 0.07995833333333334
0 0.64698 0.042124999999999996 0.05314 0.051583333333333335
0 0.7232999999999999 0.07954166666666666 0.06056 0.06620833333333334
0 0.7992400000000001 0.007750000000000001 0.0391 0.015458333333333333
1 0.83474 0.23429166666666665 0.00878 0.050708333333333334
0 0.2714 0.6021249999999999 0.10804000000000001 0.10529166666666666