0 0.03438 0.487375 0.05976 0.17862499999999998
0 0.20382 0.4775 0.0658 0.15191666666666667
0 0.33326 0.48175 0.06473999999999999 0.13783333333333334
0 0.3937 0.46799999999999997 0.07152 0.141375
0 0.4347 0.4237083333333333 0.05902 0.12870833333333334
0 0.026359999999999998 0.14920833333333333 0.052700000000000004 0.08570833333333333
0 0.12792 0.14604166666666665 0.07804000000000001 0.073
0 0.01832 0.8819583333333333 0.03664 0.21525
0 0.21459999999999999 0.8625833333333334 0.07198 0.2145
0 0.29475999999999997 0.8386250000000001 0.06868 0.197
0 0.37982 0.8215 0.0687 0.20841666666666667
0 0.45339999999999997 0.8017083333333334 0.06174 0.19016666666666668
0 0.67116 0.9335833333333333 0.05048 0.13283333333333333
0 0.5912000000000001 0.928625 0.051179999999999996 0.14275
0 0.51436 0.9442083333333334 0.05446 0.11158333333333334
0 0.5198400000000001 0.7766249999999999 0.05226 0.170375
0 0.4293 0.96475 0.04858 0.07050000000000001
0 0.32352 0.9817083333333334 0.056420000000000005 0.03658333333333333
0 0.99394 0.7714166666666666 0.012119999999999999 0.060625000000000005
0 0.3226 0.23758333333333334 0.09562000000000001 0.07829166666666666
0 0.61326 0.100125 0.06528 0.073875
0 0.62094 0.29008333333333336 0.04734 0.10145833333333334
0 0.7460800000000001 0.11525 0.055 0.059625000000000004
1 0.77924 0.7344166666666666 0.01908 0.04945833333333333
1 0.84094 0.928 0.0103 0.0365
1 0.5397799999999999 0.5615 0.0193 0.05875
1 0.7576 0.20345833333333332 0.013699999999999999 0.06208333333333334
1 0.9899600000000001 0.1579583333333333 0.00802 0.043583333333333335
1 0.8672000000000001 0.9467083333333334 0.00788 0.02775