0 0.04988 0.14983333333333335 0.08848 0.08175
0 0.02476 0.3413333333333333 0.0495 0.08975
0 0.02668 0.9046666666666667 0.05336 0.19070833333333334
0 0.10102 0.892625 0.07072 0.19870833333333332
0 0.09602 0.490375 0.060719999999999996 0.16345833333333332
0 0.16986 0.4975833333333333 0.05916 0.15225
0 0.17908000000000002 0.8982500000000001 0.06992 0.19070833333333334
0 0.24484 0.861375 0.07837999999999999 0.18429166666666666
0 0.36484 0.9775833333333334 0.06318 0.044875
0 0.45444 0.9543333333333333 0.07166 0.09133333333333334
0 0.54252 0.9302916666666667 0.08168 0.13941666666666666
0 0.62866 0.9246666666666666 0.08016 0.15062499999999998
0 0.59558 0.70675 0.08444 0.18591666666666665
0 0.5252 0.7331666666666667 0.08062000000000001 0.19391666666666665
0 0.45327999999999996 0.7876666666666666 0.08294 0.18429166666666666
0 0.38636000000000004 0.8229166666666666 0.09526000000000001 0.19070833333333334
0 0.24408000000000002 0.494375 0.06914000000000001 0.14262499999999997
0 0.34598 0.490375 0.08834 0.15704166666666666
0 0.39638 0.4390833333333333 0.05834 0.12820833333333334
0 0.16872 0.137 0.08774 0.072125
1 0.7447999999999999 0.5632916666666666 0.0202 0.07533333333333332
1 0.7621 0.5704999999999999 0.0179 0.07050000000000001
1 0.65212 0.06729166666666667 0.01018 0.057708333333333334
0 0.9297799999999999 0.8934166666666666 0.0887 0.14262499999999997
0 0.321 0.84375 0.08144 0.16825