1 0.67314 0.27858333333333335 0.011460000000000001 0.05204166666666667
1 0.72126 0.2617083333333333 0.010539999999999999 0.053000000000000005
1 0.7344400000000001 0.25833333333333336 0.00728 0.050124999999999996
1 0.74878 0.26845833333333335 0.00822 0.04916666666666667
1 0.8833200000000001 0.14875000000000002 0.007 0.040375
1 0.8720399999999999 0.14625000000000002 0.009779999999999999 0.040375
1 0.68864 0.9625833333333333 0.01656 0.06079166666666667
0 0.94408 0.05358333333333333 0.027379999999999998 0.04654166666666667
0 0.1267 0.144375 0.07659999999999999 0.07333333333333333
0 0.22472 0.13645833333333332 0.07658 0.07241666666666666
0 0.03736 0.49275 0.0499 0.16508333333333333
0 0.10392 0.505125 0.057 0.16508333333333333
0 0.18076 0.48654166666666665 0.056979999999999996 0.16425
0 0.26674000000000003 0.48037500000000005 0.06808 0.16175
0 0.43034 0.4184583333333334 0.08072 0.14525
0 0.37964 0.8224583333333333 0.069 0.21045833333333333
0 0.53888 0.74325 0.04984 0.20054166666666667
0 0.2824 0.8369166666666668 0.07490000000000001 0.19479166666666667
0 0.18572 0.8930416666666667 0.07482 0.17495833333333335
0 0.42612 0.9627083333333334 0.044539999999999996 0.07454166666666667
0 0.51904 0.9653333333333334 0.038560000000000004 0.06933333333333333
0 0.5825 0.5637083333333333 0.0849 0.075625