0 0.02998 0.4959166666666667 0.05056 0.16275
0 0.11176 0.5210833333333333 0.04324 0.16391666666666668
0 0.05584 0.8875833333333334 0.06972 0.22483333333333333
0 0.14968 0.870625 0.057280000000000005 0.21429166666666666
0 0.18424000000000001 0.4994166666666667 0.061200000000000004 0.15341666666666667
0 0.44472 0.9725833333333332 0.059840000000000004 0.054875
0 0.46212000000000003 0.768125 0.07162 0.198125
0 0.32598 0.479625 0.05398 0.13858333333333334
0 0.39976 0.4330416666666667 0.05292 0.11908333333333333
0 0.95948 0.047875 0.03282 0.058291666666666665
0 0.07632 0.16058333333333333 0.0857 0.07495833333333332
0 0.24644 0.14250000000000002 0.083 0.09070833333333334
0 0.3526 0.12679166666666666 0.06786 0.075875
0 0.16724 0.20083333333333334 0.09608 0.10066666666666667
1 0.01992 0.015166666666666667 0.01558 0.028166666666666666
0 0.45898 0.22320833333333334 0.07968 0.07608333333333334
1 0.4929 0.7225416666666666 0.01652 0.05445833333333334
1 0.7196 0.42383333333333334 0.0108 0.050875000000000004
1 0.73746 0.1875 0.01148 0.06458333333333334
1 0.73072 0.17179166666666665 0.00774 0.03754166666666667
0 0.5526599999999999 0.11887500000000001 0.07476000000000001 0.09529166666666668
0 0.69562 0.503375 0.07448 0.12895833333333334
0 0.7289 0.11404166666666667 0.06136 0.0645
0 0.78964 0.035124999999999997 0.04426 0.04908333333333333
0 0.9146 0.029833333333333333 0.03914 0.04620833333333333
0 0.87578 0.011083333333333334 0.041 0.022125
1 0.40766 0.9567083333333334 0.0192 0.08195833333333334
0 0.90952 0.10429166666666667 0.03724 0.043583333333333335