0 0.49938 0.7491666666666668 0.0635 0.18870833333333334
0 0.62024 0.9316666666666666 0.05414 0.13666666666666666
0 0.5324 0.94 0.05962 0.12000000000000001
0 0.44658 0.9587916666666667 0.0691 0.08241666666666667
0 0.27366 0.815875 0.0615 0.174125
0 0.29568 0.467125 0.03848 0.13554166666666667
0 0.1643 0.47700000000000004 0.048979999999999996 0.14491666666666667
0 0.7726000000000001 0.6620416666666666 0.0804 0.14400000000000002
0 0.99222 0.7979166666666667 0.015560000000000001 0.067125
0 0.92428 0.059625000000000004 0.0384 0.050291666666666665
1 0.97772 0.14366666666666666 0.01056 0.043083333333333335