1 0.78266 0.45716666666666667 0.011699999999999999 0.053125
1 0.7163999999999999 0.368375 0.008919999999999999 0.0415
1 0.7094400000000001 0.35533333333333333 0.01056 0.057916666666666665
1 0.66698 0.336625 0.011699999999999999 0.06333333333333332
0 0.6250399999999999 0.22458333333333333 0.03704 0.09029166666666667
0 0.77842 0.03870833333333333 0.047700000000000006 0.058625000000000003
1 0.65826 0.018166666666666668 0.00662 0.036375000000000005
0 0.5786 0.37766666666666665 0.06688 0.14541666666666667
0 0.87162 0.720125 0.08322 0.14075000000000001
0 0.85064 0.02333333333333333 0.04154 0.046625
0 0.96904 0.012458333333333333 0.02538 0.024958333333333336
0 0.52664 0.12904166666666667 0.06708 0.07158333333333333
0 0.4613 0.21633333333333335 0.08424 0.08349999999999999
0 0.34576 0.175125 0.078 0.07050000000000001
0 0.07642 0.15995833333333334 0.08792 0.07266666666666667
0 0.00426 0.51725 0.00852 0.12795833333333334
1 0.07572 0.5695 0.01358 0.06120833333333333
0 0.05106 0.5022916666666667 0.04506 0.145375
0 0.12214 0.4907916666666667 0.0613 0.16179166666666667
0 0.18875999999999998 0.4940833333333333 0.0613 0.133375
0 0.044700000000000004 0.7012083333333333 0.08938 0.09945833333333334
0 0.05682 0.8799166666666667 0.06394 0.2076666666666667
0 0.14864 0.8657083333333334 0.051340000000000004 0.20112500000000003
0 0.24806 0.8356666666666667 0.0865 0.19783333333333333
0 0.33804 0.9918750000000001 0.03892 0.016208333333333335
0 0.44795999999999997 0.9656666666666667 0.060399999999999995 0.06870833333333333
0 0.53374 0.9465416666666666 0.062 0.10695833333333334
0 0.6237 0.9208333333333333 0.05602 0.15833333333333333
0 0.5681 0.7039583333333332 0.07806 0.15083333333333335
0 0.39812000000000003 0.44762500000000005 0.05396 0.11258333333333333
0 0.45426 0.7799166666666667 0.08018 0.16941666666666666
0 0.38816 0.8045000000000001 0.08126 0.174875
0 0.31654000000000004 0.8077916666666667 0.06186 0.15083333333333335
0 0.2528 0.48204166666666665 0.047700000000000006 0.124625