0 0.005719999999999999 0.8520416666666667 0.011439999999999999 0.20033333333333334
0 0.11514 0.8198333333333333 0.06252 0.21266666666666667
0 0.20404 0.7889583333333333 0.08488 0.19758333333333333
0 0.5494199999999999 0.6723333333333333 0.05122 0.183875
0 0.33080000000000004 0.41300000000000003 0.07762000000000001 0.15366666666666667
0 0.41146 0.37595833333333334 0.07562 0.12625
0 0.89452 0.7258333333333333 0.067 0.14270833333333333
0 0.9934 0.827375 0.013179999999999999 0.06858333333333334
0 0.6073999999999999 0.27237500000000003 0.071 0.11387499999999999
0 0.25639999999999996 0.13858333333333334 0.07764 0.08508333333333334
0 0.37522000000000005 0.9623333333333334 0.05318 0.07533333333333332