1 0.73714 0.22670833333333332 0.01046 0.057041666666666664
1 0.8956799999999999 0.33533333333333337 0.01264 0.058041666666666665
0 0.64144 0.11925000000000001 0.06784 0.06941666666666667
0 0.5242 0.14016666666666666 0.08536 0.08095833333333333
0 0.30574 0.2033333333333333 0.08578 0.09341666666666668
0 0.27946 0.08275 0.06658 0.067625
0 0.16369999999999998 0.100125 0.08792 0.0685
0 0.040060000000000005 0.44358333333333333 0.0653 0.14150000000000001
0 0.17118 0.4395833333333333 0.061 0.15304166666666666
0 0.02634 0.8417916666666667 0.05268 0.202875
0 0.13382 0.983625 0.07096 0.03275
0 0.13018000000000002 0.8124166666666667 0.06956 0.22958333333333333
0 0.29322000000000004 0.9705416666666667 0.0795 0.058916666666666666
0 0.49806 0.9143333333333333 0.09054000000000001 0.171375
0 0.60748 0.8935 0.06458 0.213
0 0.54502 0.6667500000000001 0.06634000000000001 0.21758333333333332
0 0.46782 0.7219166666666667 0.06386 0.17591666666666667
0 0.39114 0.7250416666666666 0.07536 0.232125
0 0.2455 0.7703333333333333 0.0689 0.224875
1 0.7212799999999999 0.06758333333333333 0.00566 0.039375
1 0.62294 0.006416666666666667 0.00856 0.012833333333333334