0 0.34406 0.4399166666666667 0.0922 0.16187500000000002
0 0.011300000000000001 0.2924583333333333 0.02258 0.07854166666666668
0 0.6402 0.10016666666666667 0.07094 0.088125
0 0.22062 0.4262916666666667 0.06544 0.1795
0 0.15716 0.45191666666666663 0.05994 0.16666666666666666
0 0.09140000000000001 0.43350000000000005 0.059179999999999996 0.17787499999999998
0 0.03296 0.4487083333333333 0.048479999999999995 0.16025
0 0.03052 0.869375 0.06104 0.25479166666666664
0 0.11718 0.9855833333333333 0.061579999999999996 0.028833333333333332
0 0.1687 0.8333333333333334 0.08454 0.24037499999999998
0 0.2437 0.8092916666666666 0.087 0.23075
0 0.31676 0.7892499999999999 0.08220000000000001 0.20354166666666668
0 0.24602000000000002 0.9623333333333334 0.10392 0.07533333333333332
0 0.34984 0.9439166666666666 0.10548 0.11216666666666668
0 0.39906 0.7420000000000001 0.06702 0.20191666666666666
0 0.44714 0.931875 0.09395999999999999 0.13620833333333332
0 0.54674 0.9126666666666666 0.07629999999999999 0.17466666666666666
0 0.5352 0.6922916666666666 0.060899999999999996 0.1955
0 0.46484 0.7083333333333334 0.05858 0.21475
0 0.83594 0.03283333333333333 0.057460000000000004 0.06570833333333333