1 0.52328 0.4815833333333333 0.013980000000000001 0.072125
1 0.5428999999999999 0.25479166666666664 0.01322 0.07050000000000001
1 0.6425 0.18829166666666666 0.01094 0.04645833333333334
1 0.6605800000000001 0.1915 0.011720000000000001 0.04645833333333334
1 0.83362 0.24679166666666666 0.01022 0.06408333333333334
0 0.8620800000000001 0.06170833333333334 0.052840000000000005 0.06570833333333333
0 0.22986 0.21716666666666665 0.10084 0.08491666666666667
0 0.7855599999999999 0.634625 0.06902 0.15062499999999998
0 0.5413600000000001 0.8950416666666666 0.09168000000000001 0.20991666666666667
0 0.57366 0.6578333333333333 0.08676 0.18429166666666666
0 0.23908000000000001 0.9679583333333334 0.08546 0.06408333333333334
0 0.38714 0.755625 0.0891 0.21954166666666666
0 0.0991 0.8525833333333334 0.06842000000000001 0.23075
0 0.03258 0.4407083333333333 0.05694 0.1795
0 0.15832 0.44149999999999995 0.06531999999999999 0.13620833333333332
0 0.30213999999999996 0.40225000000000005 0.06528 0.15383333333333335
0 0.73172 0.9663333333333333 0.09556 0.06729166666666667
1 0.9782000000000001 0.095375 0.01052 0.043166666666666666
0 0.95012 0.07949999999999999 0.03362 0.05679166666666667
0 0.9939199999999999 0.71625 0.01216 0.05604166666666666