1 0.7729199999999999 0.36333333333333334 0.00996 0.05204166666666667
1 0.75636 0.33383333333333337 0.01142 0.06304166666666668
1 0.75324 0.27975 0.008039999999999999 0.04704166666666666
1 0.73114 0.21920833333333334 0.00828 0.058041666666666665
1 0.72008 0.2142083333333333 0.012119999999999999 0.06204166666666667
1 0.45116 0.016708333333333332 0.00692 0.033416666666666664
1 0.75906 0.18983333333333335 0.013900000000000001 0.059125
0 0.80122 0.034708333333333334 0.04886 0.054000000000000006
0 0.90384 0.006875 0.032780000000000004 0.013708333333333333
0 0.5789 0.4657916666666667 0.04364 0.15341666666666667
0 0.46536 0.14995833333333333 0.07478 0.07541666666666667
0 0.36086 0.107125 0.07478 0.06854166666666667
0 0.21630000000000002 0.270375 0.09168000000000001 0.08312499999999999
0 0.16094 0.15554166666666666 0.07726000000000001 0.07283333333333333
0 0.02598 0.1517083333333333 0.05196 0.06854166666666667
0 0.06614 0.5052083333333334 0.053 0.16883333333333334
0 0.13936 0.4970416666666667 0.05546 0.16112500000000002
0 0.26524000000000003 0.46620833333333334 0.0637 0.15766666666666668
0 0.33638 0.4812083333333333 0.05792 0.12770833333333334
0 0.41454 0.45079166666666665 0.059539999999999996 0.149125
0 0.32589999999999997 0.5913333333333333 0.10357999999999999 0.09770833333333333
0 0.01858 0.8818333333333332 0.03716 0.21425
0 0.10768000000000001 0.8938333333333334 0.060399999999999995 0.20224999999999999
0 0.21546 0.8544166666666667 0.07028 0.22454166666666667
0 0.2969 0.8398333333333333 0.051340000000000004 0.18683333333333335
0 0.37958 0.8192916666666666 0.06694 0.21083333333333334
0 0.5424800000000001 0.7211666666666667 0.04968 0.15854166666666666
0 0.44972 0.8107083333333333 0.0593 0.19195833333333334
0 0.42957999999999996 0.9649166666666668 0.0519 0.07016666666666667
0 0.51286 0.9443333333333332 0.04986 0.11129166666666666
0 0.5912200000000001 0.9387916666666667 0.05686 0.12241666666666666
0 0.67062 0.9315 0.0519 0.137
0 0.7944199999999999 0.8698333333333333 0.04926 0.16966666666666666
1 0.7369600000000001 0.79575 0.01722 0.07795833333333334
1 0.75052 0.7861666666666667 0.00882 0.05645833333333334
0 0.0051600000000000005 0.5043333333333334 0.010320000000000001 0.14245833333333333