0 0.02998 0.4959166666666667 0.05056 0.16275
0 0.11176 0.5210833333333333 0.04324 0.16391666666666668
0 0.05584 0.8875833333333334 0.06972 0.22483333333333333
0 0.14968 0.870625 0.057280000000000005 0.21429166666666666
0 0.18424000000000001 0.4994166666666667 0.061200000000000004 0.15341666666666667
0 0.44472 0.9725833333333332 0.059840000000000004 0.054875
0 0.46212000000000003 0.768125 0.07162 0.198125
0 0.32598 0.479625 0.05398 0.13858333333333334
0 0.39976 0.4330416666666667 0.05292 0.11908333333333333
0 0.95948 0.047875 0.03282 0.058291666666666665
0 0.07632 0.16058333333333333 0.0857 0.07495833333333332
0 0.24644 0.14250000000000002 0.083 0.09070833333333334
0 0.3526 0.12679166666666666 0.06786 0.075875
0 0.90096 0.09433333333333334 0.05714 0.06354166666666666
0 0.90258 0.00625 0.0456 0.0125
1 0.35048 0.043250000000000004 0.01194 0.0615
0 0.07376 0.2155 0.0938 0.080625
0 0.47174 0.20995833333333333 0.12894 0.13441666666666666
0 0.74024 0.050499999999999996 0.04414 0.071375
1 0.72124 0.3328333333333333 0.008060000000000001 0.03208333333333333