0 0.99624 0.734125 0.00754 0.042791666666666665
0 0.8951 0.7133333333333333 0.08148000000000001 0.148625
0 0.5398200000000001 0.9002916666666666 0.13786 0.19945833333333332
0 0.37416000000000005 0.9430416666666667 0.1665 0.11387499999999999
0 0.07987999999999999 0.9858333333333333 0.05356 0.028333333333333332
0 0.02496 0.8517916666666667 0.04992 0.19254166666666667
0 0.10662 0.81575 0.06154 0.23083333333333333
0 0.18580000000000002 0.8388333333333333 0.07288 0.18691666666666668
0 0.25983999999999996 0.810125 0.062060000000000004 0.1880416666666667
0 0.35144 0.7572083333333333 0.059340000000000004 0.1857916666666667
0 0.42710000000000004 0.7414166666666666 0.07338 0.18129166666666666
0 0.49492 0.7065416666666666 0.0523 0.18354166666666666
0 0.19096000000000002 0.6175833333333334 0.11678 0.10695833333333334
0 0.09206 0.43854166666666666 0.05942 0.1655
0 0.15824000000000002 0.4407916666666667 0.05454 0.1565
0 0.22147999999999998 0.4250416666666667 0.06316 0.13175
0 0.16422 0.109625 0.0869 0.07308333333333333
0 0.25718 0.08608333333333333 0.0643 0.06808333333333333
0 0.38664 0.06104166666666667 0.06668 0.06808333333333333
0 0.6048 0.20070833333333335 0.03404 0.09708333333333334
1 0.90208 0.3516666666666667 0.008539999999999999 0.049958333333333334
1 0.69866 0.07958333333333334 0.00926 0.04441666666666667
1 0.68488 0.04858333333333333 0.0076 0.05091666666666667
0 0.74174 0.01991666666666667 0.05368 0.03979166666666667
0 0.8154600000000001 0.006 0.02168 0.012041666666666668
1 0.9456 0.035625000000000004 0.007679999999999999 0.041625