1 0.7330800000000001 0.22949999999999998 0.0125 0.060875
1 0.7080599999999999 0.18558333333333332 0.01082 0.06441666666666666
1 0.67602 0.12354166666666666 0.00856 0.05504166666666667
0 0.00684 0.15045833333333333 0.01368 0.05504166666666667
0 0.03196 0.49474999999999997 0.054520000000000006 0.16979166666666667
0 0.10052 0.49241666666666667 0.05786 0.16275
0 0.02174 0.8840833333333333 0.04348 0.23183333333333334
0 0.10837999999999999 0.8752916666666667 0.06236 0.21195833333333333
0 0.1955 0.850125 0.06681999999999999 0.22483333333333333
0 0.45036000000000004 0.9590416666666666 0.0608 0.08195833333333334
0 0.54506 0.935 0.061399999999999996 0.12995833333333334
0 0.6211599999999999 0.9407083333333334 0.054020000000000006 0.11858333333333333
0 0.44839999999999997 0.7792916666666667 0.09038 0.209625
0 0.55462 0.7225 0.06562 0.178
0 0.22078 0.46662499999999996 0.05108 0.16275
0 0.9165800000000001 0.9666250000000001 0.06366 0.06675
1 0.68572 0.7453749999999999 0.016739999999999998 0.06929166666666667
1 0.6122000000000001 0.042083333333333334 0.0085 0.04704166666666666