0 0.0878 0.45249999999999996 0.061579999999999996 0.1579583333333333
0 0.17722 0.45249999999999996 0.05958 0.13658333333333333
0 0.15236000000000002 0.8124166666666667 0.05572 0.196625
0 0.26688 0.40725 0.056420000000000005 0.15304166666666666
0 0.33204 0.41504166666666664 0.07864 0.16208333333333333
0 0.39698 0.38833333333333336 0.05836 0.12833333333333333
0 0.98124 0.7407916666666666 0.037520000000000005 0.105875
0 0.10614 0.09341666666666668 0.07894 0.076
1 0.32568 0.787875 0.01706 0.06949999999999999
1 0.24334 0.7905416666666666 0.02528 0.07308333333333333
1 0.21918 0.7847500000000001 0.02142 0.06683333333333333
1 0.85362 0.8848333333333334 0.013519999999999999 0.04858333333333333
1 0.80652 0.09858333333333333 0.00904 0.028958333333333332
1 0.7988999999999999 0.14625000000000002 0.01084 0.055125
1 0.262 0.303875 0.0077599999999999995 0.05191666666666667
1 0.25428 0.30025 0.00698 0.054875
0 0.07548 0.23816666666666667 0.10422 0.08879166666666666
0 0.28536 0.20808333333333331 0.08648 0.08970833333333333
0 0.38201999999999997 0.11525 0.0843 0.07266666666666667
0 0.42894 0.18029166666666668 0.07482 0.07712500000000001
0 0.60268 0.052458333333333336 0.0701 0.07804166666666666