0 0.89012 0.03758333333333333 0.0625 0.07520833333333334
1 0.73826 0.273625 0.011640000000000001 0.05220833333333333
1 0.77676 0.5334583333333334 0.01246 0.05408333333333334
1 0.80368 0.22766666666666666 0.0081 0.05183333333333333
1 0.7997000000000001 0.19620833333333335 0.009880000000000002 0.038875
1 0.6560199999999999 0.094375 0.008039999999999999 0.04504166666666667
0 0.5735399999999999 0.18983333333333335 0.0723 0.07112500000000001
0 0.6140399999999999 0.2986666666666667 0.06448000000000001 0.10370833333333333
0 0.76418 0.69075 0.07928 0.14054166666666665
0 0.6227 0.9190833333333334 0.060399999999999995 0.16187500000000002
0 0.44727999999999996 0.9657916666666666 0.06338 0.06845833333333333
0 0.52562 0.7717083333333333 0.07357999999999999 0.14995833333333333
0 0.45116 0.7811666666666667 0.08756 0.16883333333333334
0 0.36457999999999996 0.7884166666666667 0.0863 0.20224999999999999
0 0.24897999999999998 0.8287083333333333 0.09124 0.21595833333333334
0 0.15006 0.8707083333333333 0.056299999999999996 0.22283333333333333
0 0.055240000000000004 0.8882083333333333 0.06831999999999999 0.22358333333333333
0 0.10665999999999999 0.5300416666666666 0.05342 0.16883333333333334
0 0.1916 0.49191666666666667 0.05464 0.15595833333333334
0 0.25206 0.48204166666666665 0.053 0.131125
0 0.32508 0.48204166666666665 0.05504 0.131125
0 0.39912000000000003 0.43662500000000004 0.05172 0.119125
0 0.07684 0.16195833333333332 0.08848 0.07200000000000001
0 0.04408 0.2990833333333333 0.08818000000000001 0.08570833333333333
0 0.33927999999999997 0.25966666666666666 0.09002 0.06854166666666667