1 0.73576 0.5111666666666667 0.02028 0.078125
1 0.9673200000000001 0.224875 0.00692 0.03775
1 0.82498 0.10104166666666667 0.0089 0.034666666666666665
0 0.7342000000000001 0.08612500000000001 0.05902 0.06641666666666667
0 0.73698 0.014416666666666666 0.0424 0.028874999999999998
0 0.5917 0.12029166666666667 0.06704 0.07316666666666666
0 0.99186 0.7218333333333333 0.016280000000000003 0.06929166666666667
0 0.8887200000000001 0.7834583333333334 0.08628 0.16170833333333334
0 0.62726 0.900375 0.062439999999999996 0.19925
0 0.54042 0.9075833333333333 0.0846 0.18479166666666666
0 0.56326 0.6746666666666666 0.08214 0.179
0 0.4418 0.9384166666666667 0.07028 0.12320833333333334
0 0.43069999999999997 0.76225 0.0877 0.1925
0 0.35054 0.7728333333333333 0.078 0.1925
0 0.39414 0.38395833333333335 0.05842 0.13258333333333333
0 0.28864 0.40620833333333334 0.06356 0.13970833333333335
0 0.22991999999999999 0.42133333333333334 0.062299999999999994 0.1557083333333333
0 0.04178 0.4618333333333334 0.04906 0.11925000000000001
0 0.01738 0.29233333333333333 0.03476 0.0685
0 0.28244 0.19041666666666668 0.0879 0.07654166666666667
0 0.19084 0.08187499999999999 0.06528 0.067625