0 0.03438 0.487375 0.05976 0.17862499999999998
0 0.20382 0.4775 0.0658 0.15191666666666667
0 0.33326 0.48175 0.06473999999999999 0.13783333333333334
0 0.3937 0.46799999999999997 0.07152 0.141375
0 0.4347 0.4237083333333333 0.05902 0.12870833333333334
0 0.026359999999999998 0.14920833333333333 0.052700000000000004 0.08570833333333333
0 0.12792 0.14604166666666665 0.07804000000000001 0.073
0 0.01832 0.8819583333333333 0.03664 0.21525
0 0.21459999999999999 0.8625833333333334 0.07198 0.2145
0 0.29475999999999997 0.8386250000000001 0.06868 0.197
0 0.37982 0.8215 0.0687 0.20841666666666667
0 0.45339999999999997 0.8017083333333334 0.06174 0.19016666666666668
0 0.67116 0.9335833333333333 0.05048 0.13283333333333333
0 0.5912000000000001 0.928625 0.051179999999999996 0.14275
0 0.51436 0.9442083333333334 0.05446 0.11158333333333334
0 0.5198400000000001 0.7766249999999999 0.05226 0.170375
0 0.4293 0.96475 0.04858 0.07050000000000001
0 0.32352 0.9817083333333334 0.056420000000000005 0.03658333333333333
0 0.99394 0.7714166666666666 0.012119999999999999 0.060625000000000005
1 0.7764 0.8738333333333334 0.01932 0.049833333333333334
1 0.43601999999999996 0.606875 0.02096 0.08008333333333333
1 0.88112 0.7972083333333334 0.00912 0.027000000000000003
1 0.8235399999999999 0.2795416666666667 0.01072 0.05975
0 0.44168 0.21333333333333335 0.07987999999999999 0.07679166666666666
0 0.62022 0.28829166666666667 0.046979999999999994 0.10641666666666666
0 0.56716 0.11474999999999999 0.06966 0.07958333333333334
0 0.6902 0.12308333333333334 0.05986 0.08145833333333334
0 0.87452 0.012958333333333332 0.0385 0.025916666666666664