0 0.04566 0.088125 0.08618 0.09295833333333332
0 0.0213 0.2916666666666667 0.04258 0.08654166666666667
0 0.14794 0.45991666666666664 0.06609999999999999 0.15704166666666666
0 0.09142 0.83975 0.06388 0.23075
0 0.17832 0.8052916666666667 0.07928 0.21633333333333335
0 0.24794 0.9655416666666666 0.08159999999999999 0.06891666666666667
0 0.1164 0.9887916666666666 0.04312 0.022416666666666665
0 0.45176 0.927875 0.06934 0.14425
0 0.6352000000000001 0.16104166666666667 0.04248 0.09775
0 0.2191 0.42550000000000004 0.06392 0.18108333333333335
0 0.8744 0.007208333333333333 0.02976 0.014416666666666666