0 0.027379999999999998 0.8484166666666667 0.054759999999999996 0.19479166666666667
0 0.1315 0.8117916666666667 0.06912 0.22970833333333335
0 0.2939 0.9695 0.07844 0.06095833333333334
0 0.60814 0.8929583333333333 0.06712 0.21408333333333335
0 0.54384 0.6654166666666667 0.06581999999999999 0.20716666666666667
0 0.38902 0.733 0.0772 0.18916666666666665
0 0.24662 0.7695833333333333 0.06481999999999999 0.22179166666666666
0 0.17122 0.447 0.06423999999999999 0.146375
0 0.163 0.10633333333333334 0.0882 0.07604166666666666
0 0.27848 0.08516666666666667 0.06968 0.06641666666666667
0 0.84836 0.76675 0.04838 0.15212499999999998
0 0.19916 0.21179166666666666 0.08448 0.089
0 0.54192 0.15616666666666665 0.07551999999999999 0.075625
0 0.75612 0.055625 0.07764 0.10054166666666667
0 0.91286 0.01425 0.04174 0.028458333333333332
1 0.70424 0.20420833333333333 0.00734 0.05429166666666666
1 0.6784 0.22870833333333335 0.010320000000000001 0.05695833333333333
1 0.65106 0.2389166666666667 0.01714 0.075625
1 0.9476 0.0805 0.00608 0.018500000000000003