0 0.22419999999999998 0.8169166666666666 0.05768 0.22795833333333335
0 0.309 0.7953749999999999 0.05098 0.182375
0 0.609 0.8890833333333333 0.07006 0.1925
0 0.46694 0.718375 0.0724 0.18616666666666667
0 0.41074 0.37133333333333335 0.054119999999999994 0.12891666666666668
0 0.13584000000000002 0.08275 0.07748000000000001 0.076
0 0.99638 0.72825 0.00722 0.051166666666666666
0 0.31962 0.06333333333333332 0.062439999999999996 0.06575
0 0.23428 0.07366666666666667 0.08702 0.06941666666666667
0 0.032799999999999996 0.448375 0.0484 0.16379166666666667
0 0.09742 0.43820833333333337 0.05504 0.14529166666666665
0 0.16226 0.426625 0.05768 0.16658333333333333
0 0.25932 0.414125 0.06522 0.14529166666666665
0 0.0557 0.8310833333333334 0.06472 0.231875
0 0.14472 0.9756666666666667 0.07690000000000001 0.048666666666666664
0 0.23976 0.9826250000000001 0.0565 0.034749999999999996
0 0.38324 0.7607083333333333 0.06166 0.19620833333333335
0 0.4239 0.9363333333333334 0.07293999999999999 0.12729166666666666
0 0.51006 0.9118333333333334 0.0916 0.17633333333333334
0 0.33316 0.9575 0.0742 0.08495833333333333
0 0.02698 0.6190416666666666 0.05396 0.09266666666666666
0 0.00474 0.831375 0.00948 0.18533333333333332
0 0.02914 0.28120833333333334 0.0583 0.08879166666666666
0 0.49763999999999997 0.08149999999999999 0.07532 0.07733333333333332
0 0.97108 0.007750000000000001 0.022699999999999998 0.015458333333333333
1 0.8314400000000001 0.254625 0.010960000000000001 0.057125
1 0.71466 0.3111666666666667 0.0115 0.06545833333333334
0 0.9672999999999999 0.9349166666666666 0.0654 0.13020833333333334