0 0.08064 0.861375 0.06688 0.20033333333333334
0 0.17486000000000002 0.8814166666666666 0.07224 0.21475
0 0.17408 0.482375 0.06454 0.13462500000000002
0 0.38676 0.8277083333333334 0.09142 0.20033333333333334
0 0.35984 0.9719583333333334 0.0624 0.05608333333333334
0 0.46252 0.9543333333333333 0.0709 0.09133333333333334
0 0.5398200000000001 0.9255 0.07014 0.149
0 0.62712 0.9190833333333334 0.06786 0.16183333333333336
0 0.5813400000000001 0.6882916666666666 0.08828 0.17149999999999999
0 0.2387 0.4703333333333333 0.063 0.16825
0 0.1618 0.13462500000000002 0.07851999999999999 0.08333333333333333
0 0.57404 0.17387499999999997 0.06292 0.088125
1 0.9205399999999999 0.8445416666666666 0.01332 0.07050000000000001
0 0.98812 0.7836666666666667 0.02376 0.08783333333333333