1 0.7679199999999999 0.13525 0.01026 0.05504166666666667
1 0.71396 0.26641666666666663 0.011380000000000001 0.057374999999999995
1 0.69988 0.259625 0.0123 0.05320833333333333
1 0.68376 0.26216666666666666 0.00926 0.05320833333333333
0 0.8998999999999999 0.9654583333333334 0.0704 0.06908333333333333
0 0.99224 0.7801666666666667 0.01554 0.065875
0 0.62088 0.940125 0.054619999999999995 0.11975
0 0.54884 0.9395 0.05416 0.12104166666666667
0 0.46464 0.9717916666666666 0.052340000000000005 0.056416666666666664
0 0.37589999999999996 0.9838333333333333 0.04504 0.032375
0 0.5461 0.7364999999999999 0.04366 0.181125
0 0.4695 0.7713333333333333 0.07894 0.15704166666666666
0 0.40264 0.8010833333333333 0.08504 0.15833333333333333
0 0.33454 0.8276666666666667 0.07772 0.18616666666666667
0 0.15702000000000002 0.8682083333333334 0.068 0.17099999999999999
0 0.078 0.8882083333333333 0.06924 0.22362500000000002
0 0.01074 0.8840416666666666 0.0215 0.20516666666666666
0 0.18514 0.49095833333333333 0.05812 0.14833333333333334
0 0.28024 0.4844583333333333 0.08824 0.14183333333333334
0 0.021920000000000002 0.34754166666666664 0.043840000000000004 0.08229166666666667
0 0.0916 0.16291666666666668 0.07268000000000001 0.07470833333333333
0 0.19319999999999998 0.14995833333333333 0.07422 0.07254166666666667
0 0.72194 0.05845833333333333 0.059340000000000004 0.080125