0 0.02228 0.28479166666666667 0.04456 0.09175
0 0.31013999999999997 0.4038333333333333 0.11044 0.10520833333333333
0 0.39938 0.3872083333333334 0.06714 0.15266666666666667
0 0.09448000000000001 0.8266666666666667 0.07628 0.21358333333333332
0 0.17458 0.8140000000000001 0.06409999999999999 0.18195833333333333
0 0.25830000000000003 0.796625 0.07890000000000001 0.19775
0 0.2547 0.96475 0.07412 0.07050000000000001
0 0.43582 0.9350833333333333 0.07792 0.12983333333333333
0 0.3447 0.7669583333333333 0.07398 0.16058333333333333
0 0.6150399999999999 0.8919583333333333 0.07412 0.21604166666666666
0 0.54498 0.674375 0.07966 0.16216666666666668
0 0.99514 0.7195416666666666 0.009720000000000001 0.041666666666666664
1 0.72748 0.4639583333333333 0.01788 0.07854166666666668
1 0.97824 0.45487500000000003 0.017920000000000002 0.058291666666666665
1 0.9034 0.34750000000000003 0.01656 0.058291666666666665
1 0.8461000000000001 0.25125 0.01122 0.058291666666666665
0 0.044719999999999996 0.14620833333333336 0.08943999999999999 0.07958333333333334
0 0.35192 0.11195833333333334 0.07986 0.08145833333333334
0 0.6942 0.024041666666666666 0.055439999999999996 0.048125
0 0.86476 0.05091666666666667 0.05718 0.049958333333333334