0 0.02998 0.4959166666666667 0.05056 0.16275
0 0.11176 0.5210833333333333 0.04324 0.16391666666666668
0 0.05584 0.8875833333333334 0.06972 0.22483333333333333
0 0.14968 0.870625 0.057280000000000005 0.21429166666666666
0 0.18424000000000001 0.4994166666666667 0.061200000000000004 0.15341666666666667
0 0.44472 0.9725833333333332 0.059840000000000004 0.054875
0 0.46212000000000003 0.768125 0.07162 0.198125
0 0.32598 0.479625 0.05398 0.13858333333333334
0 0.39976 0.4330416666666667 0.05292 0.11908333333333333
0 0.95948 0.047875 0.03282 0.058291666666666665
0 0.07632 0.16058333333333333 0.0857 0.07495833333333332
0 0.24644 0.14250000000000002 0.083 0.09070833333333334
0 0.3526 0.12679166666666666 0.06786 0.075875
0 0.01036 0.21054166666666668 0.02072 0.10133333333333333
0 0.6139199999999999 0.30979166666666663 0.0523 0.10708333333333334
0 0.59542 0.17866666666666667 0.06720000000000001 0.07308333333333333
1 0.68286 0.110125 0.009519999999999999 0.044041666666666666
1 0.67662 0.07908333333333334 0.0076 0.04604166666666667
0 0.75612 0.04604166666666667 0.0513 0.06204166666666667
0 0.8241 0.024041666666666666 0.053700000000000005 0.04804166666666666
0 0.88752 0.0095 0.037340000000000005 0.019
1 0.49957999999999997 0.7616666666666667 0.0126 0.04383333333333333
0 0.9103600000000001 0.10375 0.03598 0.03908333333333334
0 0.96482 0.009791666666666667 0.0358 0.01954166666666667