0 0.17076 0.079625 0.0837 0.07024999999999999
0 0.25338 0.137 0.09154000000000001 0.079625
0 0.6372599999999999 0.04858333333333333 0.05554 0.06441666666666666
0 0.80698 0.0070416666666666666 0.04088 0.014041666666666668
0 0.88286 0.01875 0.04312 0.03745833333333334
0 0.8289 0.5942916666666667 0.07912000000000001 0.12995833333333334
0 0.5824600000000001 0.3641666666666667 0.05386 0.13583333333333333
0 0.032780000000000004 0.444375 0.04494 0.146375
0 0.09040000000000001 0.43383333333333335 0.0511 0.15341666666666667
0 0.16063999999999998 0.43795833333333334 0.0466 0.13816666666666666
0 0.22696 0.41454166666666664 0.06794 0.18033333333333335
0 0.32924000000000003 0.4344166666666667 0.0578 0.149875
0 0.40932 0.39929166666666666 0.07296 0.14049999999999999
0 0.08534 0.5855 0.12866 0.142875
0 0.35538 0.9397083333333334 0.07428 0.12058333333333333
0 0.09487999999999999 0.8454583333333333 0.06908 0.20841666666666667
0 0.21544 0.8073750000000001 0.07074 0.226
0 0.30844 0.7869166666666667 0.06454 0.20375
0 0.38572 0.75 0.08194 0.17683333333333331
0 0.45372 0.7230833333333333 0.0808 0.19554166666666667
0 0.5535 0.6756666666666666 0.06452 0.178