0 0.09842000000000001 0.519875 0.056799999999999996 0.13083333333333333
0 0.18368 0.50525 0.05732 0.12404166666666666
0 0.33712000000000003 0.4781666666666667 0.0719 0.14208333333333334
0 0.41372000000000003 0.45841666666666664 0.07264 0.13645833333333332
1 0.030940000000000002 0.4111666666666667 0.019440000000000002 0.08525
1 0.18944 0.38966666666666666 0.01078 0.05254166666666667
1 0.188 0.3461666666666667 0.00788 0.037875
0 0.36116000000000004 0.21870833333333334 0.13176 0.12570833333333334
1 0.7880199999999999 0.6077916666666667 0.013519999999999999 0.03945833333333334
1 0.7021000000000001 0.4282916666666667 0.01166 0.06354166666666666
0 0.8360599999999999 0.025041666666666667 0.05024 0.050041666666666665
1 0.54516 0.011583333333333333 0.00968 0.023125