0 0.0752 0.16025 0.0854 0.079875
0 0.28054 0.14245833333333333 0.0692 0.07316666666666666
0 0.0341 0.4985416666666667 0.04754 0.154
0 0.10916 0.513 0.06092 0.12895833333333334
0 0.18146 0.48025 0.06506 0.17325
0 0.25236000000000003 0.46679166666666666 0.061799999999999994 0.14629166666666665
0 0.3436 0.47833333333333333 0.05396 0.15975
0 0.39533999999999997 0.44945833333333335 0.06042 0.13858333333333334
0 0.61 0.952 0.04396 0.096
0 0.51952 0.946125 0.06528 0.10770833333333334
0 0.43072000000000005 0.9654583333333334 0.052899999999999996 0.06908333333333333
0 0.4855 0.7617083333333333 0.045439999999999994 0.17445833333333333
0 0.55856 0.7102083333333333 0.04654 0.16512500000000002
0 0.41104 0.762875 0.04504 0.19320833333333332
0 0.32983999999999997 0.8167500000000001 0.05568 0.2025833333333333
0 0.23342 0.8419166666666666 0.056119999999999996 0.21545833333333334
0 0.11878 0.8677083333333333 0.08209999999999999 0.238875
0 0.04142 0.8835 0.08281999999999999 0.20725000000000002
0 0.9321200000000001 0.873125 0.04646 0.13779166666666667
0 0.83426 0.6477916666666667 0.09472 0.17054166666666667
1 0.67274 0.0545 0.00942 0.04891666666666667
1 0.799 0.18925 0.01244 0.05579166666666667
0 0.7617200000000001 0.05191666666666667 0.0506 0.052375
0 0.84226 0.024874999999999998 0.04686 0.049791666666666665
0 0.08836 0.2185416666666667 0.09498000000000001 0.08570833333333333
0 0.37566000000000005 0.12641666666666668 0.07970000000000001 0.07283333333333333
1 0.22658 0.060000000000000005 0.0077599999999999995 0.051416666666666666
1 0.09084 0.07329166666666667 0.01114 0.054000000000000006
0 0.91022 0.007291666666666667 0.0357 0.014583333333333334
1 0.6466000000000001 0.057374999999999995 0.0071600000000000006 0.049791666666666665