0 0.028480000000000002 0.8485833333333334 0.052899999999999996 0.19758333333333333
0 0.1318 0.8112083333333333 0.06986 0.22416666666666665
0 0.38164 0.72825 0.06858 0.17983333333333332
0 0.6093 0.8882083333333333 0.06338 0.22362500000000002
0 0.54364 0.6649166666666667 0.06308 0.20770833333333333
0 0.17132 0.44645833333333335 0.06498000000000001 0.15325
0 0.16428 0.10316666666666667 0.08658 0.07866666666666666
0 0.28042 0.08145833333333334 0.07278 0.06291666666666666
1 0.50006 0.7297499999999999 0.01758 0.06454166666666666
0 0.77064 0.9392916666666667 0.10402 0.12141666666666667
1 0.9057799999999999 0.8770416666666667 0.01662 0.05516666666666667
1 0.86382 0.7219166666666667 0.018600000000000002 0.06141666666666667
1 0.92326 0.6511250000000001 0.01436 0.05516666666666667
1 0.8720800000000001 0.29720833333333335 0.01058 0.049833333333333334
1 0.86356 0.09295833333333332 0.01058 0.04608333333333334
1 0.7936599999999999 0.16908333333333334 0.00914 0.06170833333333334
1 0.66592 0.016458333333333335 0.01102 0.03291666666666667
1 0.64658 0.013583333333333333 0.009439999999999999 0.027166666666666665
0 0.76424 0.012750000000000001 0.04496 0.025500000000000002
0 0.6785599999999999 0.09666666666666666 0.06788 0.06991666666666667
0 0.5517799999999999 0.14520833333333333 0.07812000000000001 0.066625
0 0.40586 0.18058333333333335 0.09587999999999999 0.0765
0 0.78326 0.6511666666666667 0.07066 0.143625