0 0.03372 0.4422916666666667 0.05772 0.17308333333333334
0 0.09872 0.8485416666666666 0.06302 0.22275
0 0.24024 0.96875 0.08314 0.0625
0 0.44792000000000004 0.9255 0.0832 0.149
0 0.5406 0.8958333333333334 0.09322 0.20833333333333334
0 0.54712 0.6827083333333334 0.0906 0.1955
0 0.7644 0.5713333333333334 0.0698 0.14583333333333334
0 0.15756 0.44149999999999995 0.06544 0.14583333333333334
0 0.30062 0.4038333333333333 0.06528 0.15062499999999998
0 0.09026 0.08975 0.09234 0.08654166666666667
0 0.22756 0.13783333333333334 0.0793 0.08975
0 0.37060000000000004 0.04645833333333334 0.12218000000000001 0.09291666666666668
0 0.5909800000000001 0.12420833333333332 0.08322 0.09133333333333334
0 0.7544 0.016833333333333332 0.05442 0.033666666666666664
0 0.91132 0.007208333333333333 0.02668 0.014416666666666666
1 0.7251799999999999 0.040875 0.0071200000000000005 0.052875
1 0.7617200000000001 0.3782083333333333 0.0125 0.07050000000000001
1 0.93592 0.3878333333333333 0.01332 0.06091666666666666
0 0.9949600000000001 0.7063333333333334 0.010060000000000001 0.06416666666666666