0 0.52444 0.7579999999999999 0.07138 0.1795
0 0.62288 0.9166666666666666 0.055979999999999995 0.16666666666666666
0 0.24678 0.8742083333333334 0.08222 0.20675
0 0.09642 0.8910416666666666 0.06466 0.21795833333333334
0 0.02822 0.8958333333333334 0.05644 0.20833333333333334
0 0.20793999999999999 0.4967916666666667 0.05992 0.13783333333333334
0 0.27332 0.46475000000000005 0.06624 0.16666666666666666
0 0.33216 0.463125 0.06702 0.14425
0 0.40254 0.4246666666666667 0.07088 0.15383333333333335
0 0.17102 0.14262499999999997 0.08762 0.080125
1 0.6936599999999999 0.09775 0.01148 0.07279166666666666