1 0.20786000000000002 0.6615833333333333 0.02196 0.07258333333333335
1 0.21431999999999998 0.5972083333333333 0.01128 0.053875
1 0.781 0.45729166666666665 0.01342 0.05525
1 0.43538 0.027625 0.0216 0.050749999999999997
0 0.61778 0.102625 0.06376 0.06766666666666667
0 0.6987000000000001 0.135875 0.0632 0.06204166666666667
0 0.7985599999999999 0.100375 0.05832 0.06316666666666666
0 0.78124 0.04625 0.05752 0.054125
0 0.6205 0.9262916666666666 0.05296 0.14741666666666667
0 0.5406599999999999 0.9364166666666667 0.06772 0.12712500000000002
0 0.44162 0.96575 0.06986 0.0685
0 0.38692000000000004 0.8057916666666666 0.0838 0.17929166666666668
0 0.06024 0.8969583333333334 0.05948 0.20608333333333334
0 0.0033399999999999997 0.5193333333333333 0.0067 0.12970833333333334
0 0.05212 0.48775 0.054060000000000004 0.16579166666666667
0 0.11518 0.49733333333333335 0.047 0.16691666666666669
0 0.25374 0.479875 0.04914 0.14095833333333332
0 0.39964 0.4482916666666667 0.05836 0.11841666666666667
0 0.6063999999999999 0.29154166666666664 0.06048 0.095875