0 0.0878 0.45249999999999996 0.061579999999999996 0.1579583333333333
0 0.17722 0.45249999999999996 0.05958 0.13658333333333333
0 0.15236000000000002 0.8124166666666667 0.05572 0.196625
0 0.26688 0.40725 0.056420000000000005 0.15304166666666666
0 0.33204 0.41504166666666664 0.07864 0.16208333333333333
0 0.39698 0.38833333333333336 0.05836 0.12833333333333333
0 0.98124 0.7407916666666666 0.037520000000000005 0.105875
0 0.10614 0.09341666666666668 0.07894 0.076
1 0.20262 0.6010833333333333 0.014119999999999999 0.07441666666666666
1 0.58886 0.36916666666666664 0.01456 0.057666666666666665
1 0.57482 0.24887499999999999 0.013380000000000001 0.06429166666666666
1 0.5192599999999999 0.25629166666666664 0.01142 0.06095833333333334
0 0.11568 0.2349166666666667 0.09179999999999999 0.08541666666666667
0 0.3117 0.197875 0.08604 0.08308333333333334
0 0.44358 0.10366666666666666 0.07732 0.07733333333333332
0 0.57508 0.13041666666666668 0.07734 0.074875
0 0.6850599999999999 0.03166666666666666 0.0619 0.06333333333333332
0 0.74666 0.05429166666666666 0.05242 0.06416666666666666
0 0.86452 0.016458333333333335 0.04172 0.03291666666666667
1 0.89996 0.3433333333333334 0.018879999999999997 0.06695833333333333
1 0.9739 0.441625 0.011859999999999999 0.06779166666666667
1 0.9784400000000001 0.093125 0.010199999999999999 0.042041666666666665