0 0.03126 0.44987499999999997 0.04814 0.17149999999999999
0 0.02512 0.8674583333333333 0.05026 0.22295833333333331
0 0.0933 0.8357916666666667 0.0709 0.23879166666666668
0 0.1161 0.9875 0.05196 0.025
0 0.25318 0.966375 0.08302 0.06725
0 0.35102 0.9492083333333333 0.07859999999999999 0.10154166666666667
0 0.44758 0.9314166666666667 0.07926000000000001 0.1371666666666667
0 0.5425599999999999 0.9149166666666667 0.06788 0.1701666666666667
0 0.62424 0.8997499999999999 0.06664 0.17941666666666667
0 0.79362 0.8667916666666666 0.06352000000000001 0.17941666666666667
0 0.24431999999999998 0.82325 0.08428000000000001 0.20845833333333333
0 0.09426000000000001 0.442625 0.061439999999999995 0.17020833333333335
0 0.16138 0.4545 0.0564 0.1517083333333333
0 0.16454 0.08708333333333333 0.09058 0.11083333333333334
0 0.34436 0.43866666666666665 0.08792 0.157
0 0.3162 0.7816666666666666 0.07606 0.18075000000000002
0 0.3871 0.7671666666666667 0.08748 0.17545833333333333
0 0.45327999999999996 0.7269166666666667 0.0856 0.20579166666666668
0 0.50868 0.513875 0.09258 0.14379166666666665
0 0.79448 0.011458333333333333 0.0479 0.022916666666666665
1 0.27472 0.6384583333333332 0.02 0.10591666666666667
1 0.66016 0.4802916666666667 0.02146 0.08445833333333333
1 0.67872 0.13958333333333334 0.01322 0.06441666666666666
1 0.6735599999999999 0.07370833333333333 0.00704 0.050083333333333334
1 0.66326 0.07087500000000001 0.01116 0.058708333333333335
1 0.90224 0.09895833333333333 0.00658 0.050333333333333334
0 0.97646 0.2640416666666667 0.0471 0.08549999999999999