1 0.89752 0.5248333333333333 0.011380000000000001 0.05745833333333333
1 0.9084800000000001 0.5225000000000001 0.01082 0.050416666666666665
1 0.91918 0.558875 0.01308 0.043375000000000004
1 0.82324 0.2628333333333333 0.009439999999999999 0.051291666666666666
1 0.85862 0.16345833333333332 0.00792 0.051291666666666666
1 0.73518 0.6827083333333334 0.01326 0.07050000000000001
0 0.09756000000000001 0.8902083333333334 0.06994 0.21954166666666666
0 0.196 0.8525833333333334 0.07146 0.22758333333333333
0 0.36484 0.9735416666666666 0.06318 0.052875
0 0.45022 0.959125 0.06012 0.08175
0 0.5406 0.9382916666666666 0.07322 0.12341666666666667
0 0.62288 0.9390833333333333 0.05632 0.12179166666666667
0 0.5552 0.7219583333333334 0.0683 0.18429166666666666
0 0.44827999999999996 0.7788333333333333 0.09140000000000001 0.20512499999999997
0 0.03336 0.5011666666666666 0.05956 0.178
0 0.16768 0.4959166666666667 0.04604 0.15104166666666666
0 0.10192 0.27108333333333334 0.09776 0.0925
0 0.25872 0.27166666666666667 0.09772 0.08195833333333334
0 0.38798 0.24591666666666667 0.09544 0.08195833333333334
0 0.50124 0.20666666666666667 0.0803 0.08312499999999999
0 0.6102799999999999 0.18679166666666666 0.07016 0.07379166666666667
0 0.76736 0.0445 0.052700000000000004 0.060875
0 0.8373400000000001 0.025166666666666667 0.05214 0.050333333333333334
0 0.8969 0.008791666666666666 0.03638 0.017583333333333333
1 0.71772 0.23620833333333333 0.006900000000000001 0.050458333333333334
0 0.98554 0.024833333333333332 0.02128 0.049666666666666665