0 0.00684 0.28804166666666664 0.01368 0.07258333333333335
0 0.17076 0.08429166666666667 0.08706 0.07495833333333332
0 0.30932 0.406375 0.0648 0.15616666666666665
0 0.4657 0.7161666666666666 0.06814 0.16916666666666666
0 0.54232 0.6946666666666667 0.059 0.18216666666666667
0 0.20196 0.8161666666666666 0.07526000000000001 0.22949999999999998
0 0.22180000000000002 0.9761666666666666 0.05886 0.04766666666666666
0 0.1269 0.8089999999999999 0.062079999999999996 0.22633333333333333
0 0.00956 0.8472500000000001 0.01912 0.19029166666666666
0 0.045079999999999995 0.4429166666666667 0.049460000000000004 0.137125
0 0.13563999999999998 0.4484166666666667 0.05472 0.16016666666666665
0 0.21394 0.4174166666666667 0.0691 0.20220833333333335
1 0.79768 0.4659583333333333 0.0114 0.059041666666666666
1 0.70784 0.20270833333333332 0.008539999999999999 0.05304166666666667
1 0.90026 0.09658333333333333 0.008060000000000001 0.041041666666666664
1 0.89234 0.07908333333333334 0.01068 0.05404166666666667