1 0.8284 0.9712916666666668 0.02216 0.057416666666666664
1 0.9731599999999999 0.4477083333333333 0.02144 0.07229166666666667
0 0.7723 0.00975 0.045759999999999995 0.019458333333333334
0 0.39432 0.37958333333333333 0.05776 0.12329166666666666
0 0.24015999999999998 0.43704166666666666 0.06709999999999999 0.15666666666666668
0 0.11292 0.445375 0.04665999999999999 0.10845833333333334
0 0.04242 0.45558333333333334 0.047119999999999995 0.11216666666666668
0 0.01898 0.29012499999999997 0.03798 0.07416666666666667
0 0.0938 0.08387499999999999 0.08138 0.093625
0 0.24284 0.9639166666666666 0.0788 0.07216666666666667
0 0.54006 0.9069166666666667 0.08324 0.18616666666666667