1 0.47142 0.6063333333333334 0.01306 0.04616666666666667
1 0.48548 0.6142083333333334 0.01846 0.07316666666666666
1 0.84784 0.6879583333333333 0.0147 0.06979166666666667
1 0.7965 0.5680416666666667 0.015560000000000001 0.05516666666666667
1 0.79272 0.7572083333333333 0.0255 0.07091666666666667
1 0.7606799999999999 0.42870833333333336 0.01308 0.067125
1 0.71008 0.058 0.00924 0.05529166666666666
0 0.67364 0.35891666666666666 0.06962 0.11712499999999999
0 0.619 0.3637916666666667 0.06338 0.10733333333333334
0 0.55604 0.6452083333333333 0.06028 0.21470833333333333
0 0.31994 0.7747083333333333 0.075 0.17516666666666666
0 0.17832 0.8028333333333334 0.05702 0.22104166666666666
0 0.10674 0.4516666666666667 0.06106 0.13733333333333334
0 0.17338 0.441625 0.0519 0.11129166666666666
0 0.35046 0.41304166666666664 0.054759999999999996 0.13233333333333333
0 0.09182 0.10979166666666668 0.08426 0.08120833333333333
0 0.11034000000000001 0.22658333333333333 0.10196 0.08820833333333335
0 0.27468 0.20299999999999999 0.08316 0.08920833333333333
0 0.28188 0.06316666666666666 0.08893999999999999 0.11029166666666666
0 0.388 0.06916666666666667 0.06634000000000001 0.07216666666666667
0 0.46908 0.15991666666666668 0.07354000000000001 0.06916666666666667
0 0.56244 0.053125 0.07831999999999999 0.10629166666666667
0 0.60598 0.11729166666666666 0.07206 0.07016666666666667
0 0.99438 0.7262916666666667 0.01124 0.062000000000000006
1 0.9927999999999999 0.46175 0.01062 0.05541666666666667