0 0.04642 0.088125 0.08771999999999999 0.08975
0 0.0109 0.2924583333333333 0.02182 0.072125
0 0.16294 0.07854166666666668 0.08224 0.080125
0 0.030260000000000002 0.4527083333333334 0.04618 0.15866666666666665
0 0.21986 0.4262916666666667 0.0653 0.1795
0 0.34484 0.4375 0.08604 0.15704166666666666
0 0.08026000000000001 0.8269166666666667 0.0708 0.25
0 0.11794 0.9871666666666666 0.053880000000000004 0.025625000000000002
0 0.16524 0.8285416666666666 0.08378000000000001 0.23716666666666666
0 0.24446 0.8052916666666667 0.0853 0.22916666666666666
0 0.24908000000000002 0.9639583333333334 0.09006 0.072125
0 0.3433 0.9559166666666666 0.09240000000000001 0.088125
0 0.31676 0.7884583333333333 0.08066 0.19229166666666667
0 0.37445999999999996 0.744375 0.0778 0.17145833333333332
0 0.44944 0.9310833333333334 0.08166 0.13783333333333334
0 0.5452 0.9134583333333333 0.06398 0.17308333333333334
0 0.53404 0.6907083333333334 0.06445999999999999 0.19229166666666667
0 0.6225 0.8774166666666667 0.06478 0.21633333333333335
0 0.59174 0.1915 0.0417 0.11379166666666667
0 0.7363200000000001 0.017625000000000002 0.05364 0.035250000000000004
0 0.87938 0.681875 0.0813 0.14904166666666668
1 0.68826 0.1915 0.011720000000000001 0.06891666666666667
1 0.7094199999999999 0.20270833333333332 0.01558 0.07533333333333332
1 0.66826 0.09695833333333333 0.00864 0.0625
1 0.68096 0.09533333333333333 0.01094 0.059291666666666666
0 0.96668 0.007208333333333333 0.02052 0.014416666666666666
1 0.98976 0.4703333333333333 0.00974 0.05608333333333334
1 0.67212 0.90225 0.02556 0.080125