0 0.02228 0.28479166666666667 0.04456 0.09175
0 0.31013999999999997 0.4038333333333333 0.11044 0.10520833333333333
0 0.39938 0.3872083333333334 0.06714 0.15266666666666667
0 0.09448000000000001 0.8266666666666667 0.07628 0.21358333333333332
0 0.17458 0.8140000000000001 0.06409999999999999 0.18195833333333333
0 0.25830000000000003 0.796625 0.07890000000000001 0.19775
0 0.2547 0.96475 0.07412 0.07050000000000001
0 0.43582 0.9350833333333333 0.07792 0.12983333333333333
0 0.3447 0.7669583333333333 0.07398 0.16058333333333333
0 0.6150399999999999 0.8919583333333333 0.07412 0.21604166666666666
0 0.54498 0.674375 0.07966 0.16216666666666668
0 0.99514 0.7195416666666666 0.009720000000000001 0.041666666666666664
1 0.8613200000000001 0.107375 0.0081 0.04833333333333333
1 0.8759600000000001 0.102625 0.011519999999999999 0.0515
0 0.8890800000000001 0.025374999999999998 0.029920000000000002 0.050708333333333334
0 0.71682 0.07208333333333333 0.05964 0.06970833333333333
0 0.7021799999999999 0.024541666666666666 0.05926 0.049124999999999995