0 0.03438 0.487375 0.05976 0.17862499999999998
0 0.20382 0.4775 0.0658 0.15191666666666667
0 0.33326 0.48175 0.06473999999999999 0.13783333333333334
0 0.3937 0.46799999999999997 0.07152 0.141375
0 0.4347 0.4237083333333333 0.05902 0.12870833333333334
0 0.026359999999999998 0.14920833333333333 0.052700000000000004 0.08570833333333333
0 0.12792 0.14604166666666665 0.07804000000000001 0.073
0 0.01832 0.8819583333333333 0.03664 0.21525
0 0.21459999999999999 0.8625833333333334 0.07198 0.2145
0 0.29475999999999997 0.8386250000000001 0.06868 0.197
0 0.37982 0.8215 0.0687 0.20841666666666667
0 0.45339999999999997 0.8017083333333334 0.06174 0.19016666666666668
0 0.67116 0.9335833333333333 0.05048 0.13283333333333333
0 0.5912000000000001 0.928625 0.051179999999999996 0.14275
0 0.51436 0.9442083333333334 0.05446 0.11158333333333334
0 0.5198400000000001 0.7766249999999999 0.05226 0.170375
0 0.4293 0.96475 0.04858 0.07050000000000001
0 0.32352 0.9817083333333334 0.056420000000000005 0.03658333333333333
0 0.99394 0.7714166666666666 0.012119999999999999 0.060625000000000005
1 0.87254 0.9150416666666668 0.01014 0.043708333333333335
1 0.9281200000000001 0.6742083333333333 0.01492 0.066625
1 0.91686 0.6482916666666667 0.019440000000000002 0.07075000000000001
1 0.8907999999999999 0.37104166666666666 0.01058 0.05429166666666666
0 0.6258400000000001 0.20525 0.0351 0.08145833333333334
0 0.75478 0.04770833333333333 0.04982 0.06254166666666666
0 0.51876 0.19729166666666667 0.03532 0.11158333333333334
0 0.76338 0.10429166666666667 0.04772 0.051000000000000004
1 0.32544 0.6339583333333334 0.01592 0.072875
1 0.87376 0.148625 0.0101 0.04054166666666667