0 0.5505800000000001 0.9316666666666666 0.07076 0.13666666666666666
0 0.6237999999999999 0.913375 0.06570000000000001 0.17325
0 0.52054 0.7608333333333334 0.09276000000000001 0.1684166666666667
0 0.37088 0.8147083333333334 0.07709999999999999 0.21079166666666668
0 0.24468 0.4877083333333333 0.0679 0.16287500000000002
0 0.35394 0.47429166666666667 0.03946 0.13787500000000003
1 0.7688200000000001 0.625125 0.01476 0.06754166666666667
0 0.77216 0.0375 0.056060000000000006 0.063875
0 0.5614 0.12633333333333333 0.07146 0.07312500000000001
0 0.022359999999999998 0.345125 0.044719999999999996 0.08549999999999999
1 0.64376 0.016166666666666666 0.00894 0.03233333333333333