0 0.6114400000000001 0.8861249999999999 0.060759999999999995 0.191125
0 0.49742000000000003 0.9125 0.0943 0.17495833333333335
1 0.45180000000000003 0.904375 0.02112 0.08145833333333334
0 0.2929 0.9652499999999999 0.07626000000000001 0.06949999999999999
0 0.13426 0.9819583333333333 0.0707 0.036083333333333335
0 0.54552 0.6678333333333334 0.06504 0.20783333333333334
0 0.46832 0.7237083333333333 0.062060000000000004 0.179625
0 0.39088 0.7237083333333333 0.0726 0.22766666666666666
0 0.24625999999999998 0.768625 0.06708 0.22141666666666668
0 0.13248 0.8109166666666667 0.0691 0.22454166666666667
0 0.02666 0.8485416666666666 0.05332 0.19529166666666667
0 0.0395 0.44333333333333336 0.06462000000000001 0.1389166666666667
0 0.17084 0.44487499999999996 0.0636 0.150375
0 0.57432 0.5017916666666667 0.09459999999999999 0.08666666666666667
0 0.18114 0.22191666666666665 0.10646 0.08637500000000001
0 0.16378 0.10241666666666666 0.08622 0.07429166666666666
0 0.28114 0.08283333333333333 0.06644 0.06529166666666666
0 0.5525 0.13404166666666667 0.078 0.06529166666666666
0 0.62312 0.27666666666666667 0.05726 0.09941666666666667
0 0.78458 0.042666666666666665 0.05822 0.05525
1 0.7034199999999999 0.9673333333333333 0.02188 0.06533333333333333
1 0.8058 0.687125 0.01862 0.06608333333333333
1 0.83114 0.6480833333333333 0.016399999999999998 0.07037500000000001
1 0.96668 0.4429166666666667 0.01966 0.0635
1 0.73588 0.38608333333333333 0.01568 0.057916666666666665
1 0.71778 0.3825 0.012240000000000001 0.04920833333333333
1 0.7056 0.36504166666666665 0.013 0.05554166666666667
1 0.72446 0.27895833333333336 0.013380000000000001 0.05475
1 0.83052 0.22933333333333333 0.012119999999999999 0.047625
1 0.74502 0.19245833333333331 0.0172 0.057916666666666665