0 0.027379999999999998 0.8484166666666667 0.054759999999999996 0.19479166666666667
0 0.1315 0.8117916666666667 0.06912 0.22970833333333335
0 0.2939 0.9695 0.07844 0.06095833333333334
0 0.60814 0.8929583333333333 0.06712 0.21408333333333335
0 0.54384 0.6654166666666667 0.06581999999999999 0.20716666666666667
0 0.38902 0.733 0.0772 0.18916666666666665
0 0.24662 0.7695833333333333 0.06481999999999999 0.22179166666666666
0 0.17122 0.447 0.06423999999999999 0.146375
0 0.163 0.10633333333333334 0.0882 0.07604166666666666
0 0.27848 0.08516666666666667 0.06968 0.06641666666666667
1 0.80692 0.6960416666666667 0.01448 0.048749999999999995
1 0.7880199999999999 0.6797916666666667 0.01038 0.04704166666666666
0 0.61574 0.2533333333333333 0.062479999999999994 0.10741666666666667
0 0.63714 0.11658333333333333 0.07526000000000001 0.08229166666666667
1 0.72966 0.07658333333333332 0.008119999999999999 0.04191666666666667
0 0.87922 0.027791666666666666 0.044520000000000004 0.04954166666666667
0 0.80608 0.02020833333333333 0.04382 0.040375
0 0.45439999999999997 0.16691666666666669 0.08964 0.08145833333333334
0 0.22225999999999999 0.21645833333333334 0.09537999999999999 0.06870833333333333
1 0.14676 0.33666666666666667 0.015 0.07266666666666667
1 0.2376 0.317875 0.01564 0.060708333333333336
1 0.2652 0.301125 0.016399999999999998 0.06391666666666666
1 0.19608 0.016416666666666666 0.023579999999999997 0.03283333333333333