0 0.07732 0.15966666666666668 0.08592 0.08004166666666666
0 0.10736 0.5320416666666666 0.05396 0.16875
0 0.19197999999999998 0.49404166666666666 0.05738 0.16083333333333333
0 0.25226 0.48175 0.0509 0.12995833333333334
0 0.32530000000000003 0.48370833333333335 0.05632 0.13075
0 0.4004 0.4337916666666667 0.05064 0.12120833333333333
0 0.056240000000000005 0.8860416666666667 0.07186 0.22791666666666668
0 0.14764 0.8666250000000001 0.055619999999999996 0.22008333333333333
0 0.24853999999999998 0.8339583333333334 0.09154000000000001 0.20979166666666668
0 0.44539999999999996 0.965125 0.06528 0.06974999999999999
0 0.36512 0.7879583333333334 0.08454 0.1985833333333333
0 0.45488 0.7797916666666667 0.0808 0.175375
0 0.62222 0.9169583333333333 0.061579999999999996 0.16604166666666667
0 0.52442 0.7737499999999999 0.07462 0.1564583333333333
1 0.8415199999999999 0.7668750000000001 0.011980000000000001 0.049374999999999995
1 0.63848 0.36791666666666667 0.01446 0.067125
1 0.67162 0.10004166666666667 0.0077599999999999995 0.04558333333333333
1 0.75976 0.17416666666666666 0.008960000000000001 0.044333333333333336
0 0.79152 0.042749999999999996 0.05156 0.05504166666666667
0 0.86852 0.014041666666666668 0.04142 0.028083333333333335
0 0.6336 0.17154166666666668 0.06731999999999999 0.06441666666666666
0 0.5313 0.20608333333333334 0.08084000000000001 0.07729166666666668
0 0.39332 0.24475 0.09602 0.08195833333333334
0 0.18172 0.20199999999999999 0.08886 0.07141666666666667
0 0.16512000000000002 0.27575000000000005 0.10278 0.08783333333333333
0 0.0136 0.3009583333333333 0.02718 0.06325
0 0.9901599999999999 0.30679166666666663 0.01968 0.08170833333333333
1 0.982 0.50325 0.02166 0.06129166666666667