0 0.02228 0.28479166666666667 0.04456 0.09175
0 0.31013999999999997 0.4038333333333333 0.11044 0.10520833333333333
0 0.39938 0.3872083333333334 0.06714 0.15266666666666667
0 0.09448000000000001 0.8266666666666667 0.07628 0.21358333333333332
0 0.17458 0.8140000000000001 0.06409999999999999 0.18195833333333333
0 0.25830000000000003 0.796625 0.07890000000000001 0.19775
0 0.2547 0.96475 0.07412 0.07050000000000001
0 0.43582 0.9350833333333333 0.07792 0.12983333333333333
0 0.3447 0.7669583333333333 0.07398 0.16058333333333333
0 0.6150399999999999 0.8919583333333333 0.07412 0.21604166666666666
0 0.54498 0.674375 0.07966 0.16216666666666668
0 0.99514 0.7195416666666666 0.009720000000000001 0.041666666666666664
1 0.9039400000000001 0.071 0.01002 0.056125
1 0.8100599999999999 0.14816666666666667 0.01634 0.060250000000000005
1 0.67202 0.04991666666666667 0.00786 0.04045833333333334
1 0.6839 0.020625 0.00866 0.04125
1 0.64706 0.014041666666666668 0.00866 0.02804166666666667
0 0.7472799999999999 0.015250000000000001 0.05142 0.03054166666666667
0 0.81224 0.006583333333333333 0.03714 0.013208333333333332
0 0.02618 0.22437500000000002 0.052340000000000005 0.07454166666666667
1 0.38883999999999996 0.74475 0.01638 0.08195833333333334