0 0.0878 0.45249999999999996 0.061579999999999996 0.1579583333333333
0 0.17722 0.45249999999999996 0.05958 0.13658333333333333
0 0.15236000000000002 0.8124166666666667 0.05572 0.196625
0 0.26688 0.40725 0.056420000000000005 0.15304166666666666
0 0.33204 0.41504166666666664 0.07864 0.16208333333333333
0 0.39698 0.38833333333333336 0.05836 0.12833333333333333
0 0.98124 0.7407916666666666 0.037520000000000005 0.105875
0 0.10614 0.09341666666666668 0.07894 0.076
1 0.78638 0.28491666666666665 0.01016 0.061625
1 0.88842 0.10266666666666667 0.00726 0.039375
0 0.7985 0.008541666666666666 0.0385 0.017125
0 0.59912 0.228875 0.06606000000000001 0.09841666666666667
0 0.14324 0.21945833333333334 0.0833 0.07958333333333334
1 0.09376000000000001 0.34737500000000004 0.0099 0.05304166666666667
1 0.08412 0.34312499999999996 0.00858 0.05475
1 0.29272000000000004 0.49795833333333334 0.015099999999999999 0.05816666666666667
1 0.31427999999999995 0.50525 0.019620000000000002 0.065875
1 0.62546 0.006208333333333333 0.00256 0.012375