0 0.0217 0.34450000000000003 0.04338 0.08866666666666667
0 0.402 0.43633333333333335 0.06798 0.15070833333333333
0 0.34214 0.822625 0.09534000000000001 0.2115
0 0.45004 0.9616666666666667 0.05846 0.07670833333333334
0 0.97952 0.034208333333333334 0.02174 0.048125
0 0.26318 0.8462916666666668 0.07536 0.19720833333333332
0 0.01594 0.27775 0.03188 0.05504166666666667
0 0.35494 0.23970833333333333 0.09454000000000001 0.07908333333333334
0 0.64946 0.6841666666666666 0.08014 0.149125
0 0.69128 0.4839583333333334 0.06302 0.10708333333333334
1 0.9545399999999999 0.9108750000000001 0.01982 0.06808333333333333
1 0.70384 0.26579166666666665 0.0111 0.06558333333333334
0 0.76428 0.10129166666666665 0.0634 0.06908333333333333
0 0.90928 0.026333333333333334 0.03976 0.05266666666666667
1 0.91038 0.105375 0.009380000000000001 0.035124999999999997
0 0.94832 0.11591666666666667 0.034659999999999996 0.04916666666666667