0 0.5541 0.7224583333333333 0.06968 0.180625
0 0.44827999999999996 0.7799583333333333 0.0911 0.20175
0 0.6211 0.9374583333333334 0.05416 0.12504166666666666
0 0.54652 0.9345416666666666 0.06709999999999999 0.13091666666666668
0 0.45082 0.958 0.061439999999999995 0.084
0 0.36244 0.9697083333333333 0.05804 0.06054166666666667
0 0.27544 0.8485416666666666 0.07984000000000001 0.21933333333333332
0 0.1972 0.8509166666666667 0.07536 0.22870833333333335
0 0.0987 0.8899583333333333 0.06976 0.22004166666666666
0 0.10094 0.49316666666666664 0.05736 0.16304166666666667
0 0.2214 0.465625 0.04834 0.16183333333333336
0 0.28136 0.475 0.05902 0.12666666666666665
0 0.0074199999999999995 0.15129166666666669 0.014839999999999999 0.058625000000000003
0 0.02174 0.8835 0.04348 0.233
1 0.6457 0.08195833333333334 0.01188 0.05854166666666667
1 0.52064 0.017 0.010060000000000001 0.03395833333333333
0 0.7367400000000001 0.06733333333333333 0.06902 0.07141666666666667
0 0.94778 0.01991666666666667 0.03244 0.03983333333333334
1 0.67634 0.12258333333333334 0.0094 0.036875
1 0.8723200000000001 0.16266666666666665 0.0066 0.05391666666666666
1 0.8649199999999999 0.16362500000000002 0.00844 0.05391666666666666