0 0.02998 0.4959166666666667 0.05056 0.16275
0 0.11176 0.5210833333333333 0.04324 0.16391666666666668
0 0.05584 0.8875833333333334 0.06972 0.22483333333333333
0 0.14968 0.870625 0.057280000000000005 0.21429166666666666
0 0.18424000000000001 0.4994166666666667 0.061200000000000004 0.15341666666666667
0 0.44472 0.9725833333333332 0.059840000000000004 0.054875
0 0.46212000000000003 0.768125 0.07162 0.198125
0 0.32598 0.479625 0.05398 0.13858333333333334
0 0.39976 0.4330416666666667 0.05292 0.11908333333333333
0 0.95948 0.047875 0.03282 0.058291666666666665
0 0.07632 0.16058333333333333 0.0857 0.07495833333333332
0 0.24644 0.14250000000000002 0.083 0.09070833333333334
0 0.3526 0.12679166666666666 0.06786 0.075875
1 0.42472000000000004 0.029249999999999998 0.01134 0.05845833333333333
0 0.61956 0.09741666666666667 0.06742000000000001 0.07579166666666667
0 0.36418 0.17266666666666666 0.08358 0.08120833333333333
0 0.247 0.25875 0.14959999999999998 0.12775
1 0.71284 0.440625 0.00868 0.07795833333333334
1 0.4086 0.9640833333333333 0.013980000000000001 0.05629166666666666
0 0.90304 0.09745833333333334 0.052840000000000005 0.06495833333333333
0 0.90262 0.009333333333333334 0.03748 0.018666666666666668