1 0.48822000000000004 0.2642083333333333 0.009779999999999999 0.06254166666666666
1 0.47666000000000003 0.2589166666666667 0.00976 0.06158333333333333
1 0.8425199999999999 0.09770833333333333 0.007980000000000001 0.04525
1 0.81112 0.23916666666666667 0.012580000000000001 0.04525
1 0.6993400000000001 0.08133333333333333 0.00886 0.05679166666666667
1 0.68732 0.08516666666666667 0.007940000000000001 0.04716666666666667
0 0.67924 0.028874999999999998 0.056280000000000004 0.057749999999999996
0 0.776 0.012041666666666668 0.044700000000000004 0.024041666666666666
0 0.86054 0.6260833333333333 0.08164 0.14150000000000001
0 0.6961 0.4220416666666667 0.05858 0.11454166666666667
0 0.6300399999999999 0.413375 0.06876 0.14150000000000001
0 0.61202 0.23820833333333333 0.0512 0.09720833333333333
0 0.44408 0.16604166666666667 0.07754000000000001 0.07024999999999999
0 0.38795999999999997 0.06979166666666667 0.06692000000000001 0.07024999999999999
0 0.20178000000000001 0.207875 0.09742 0.08083333333333333
0 0.16368000000000002 0.14820833333333333 0.0905 0.09241666666666666
0 0.17384 0.09095833333333332 0.08494 0.04908333333333333
0 0.020640000000000002 0.23195833333333335 0.041280000000000004 0.077
0 0.09486 0.4437083333333333 0.0665 0.13858333333333334
0 0.17338 0.44704166666666667 0.0517 0.10491666666666667
0 0.23806 0.436 0.06554 0.11549999999999999
0 0.01394 0.8373333333333334 0.02788 0.21945833333333334
0 0.08907999999999999 0.8335 0.05956 0.20020833333333332
0 0.17638 0.8017083333333334 0.0577 0.22908333333333333
0 0.25376 0.7839166666666666 0.06552 0.20308333333333334
1 0.45772 0.900375 0.016239999999999997 0.07795833333333334
1 0.44364 0.8902916666666666 0.01578 0.07120833333333333
0 0.48957999999999996 0.6977916666666667 0.09368000000000001 0.21175
0 0.99172 0.7283333333333334 0.016579999999999998 0.07070833333333333
0 0.35168 0.411 0.053439999999999994 0.13116666666666668