0 0.62124 0.93825 0.05604 0.1235
0 0.5492999999999999 0.9392916666666667 0.05702 0.12141666666666667
0 0.54304 0.7344166666666666 0.0474 0.18216666666666667
0 0.4671 0.9710416666666667 0.052520000000000004 0.057916666666666665
0 0.33218000000000003 0.83175 0.08138 0.18945833333333334
0 0.24697999999999998 0.8369583333333334 0.06388 0.199875
0 0.1613 0.8864166666666667 0.07038 0.19258333333333333
0 0.02032 0.34458333333333335 0.04064 0.08329166666666667
0 0.41786 0.45908333333333334 0.07884000000000001 0.1415833333333333
0 0.18103999999999998 0.15512499999999999 0.07890000000000001 0.066625
0 0.33292 0.49133333333333334 0.06688 0.14366666666666666
0 0.38214 0.986375 0.04396 0.02725
0 0.0906 0.16341666666666665 0.07390000000000001 0.07079166666666666
0 0.60972 0.28729166666666667 0.062299999999999994 0.09720833333333333
0 0.7748400000000001 0.099625 0.04886 0.05291666666666666
0 0.9771599999999999 0.0365 0.02082 0.05516666666666667