0 0.02228 0.28479166666666667 0.04456 0.09175
0 0.31013999999999997 0.4038333333333333 0.11044 0.10520833333333333
0 0.39938 0.3872083333333334 0.06714 0.15266666666666667
0 0.09448000000000001 0.8266666666666667 0.07628 0.21358333333333332
0 0.17458 0.8140000000000001 0.06409999999999999 0.18195833333333333
0 0.25830000000000003 0.796625 0.07890000000000001 0.19775
0 0.2547 0.96475 0.07412 0.07050000000000001
0 0.43582 0.9350833333333333 0.07792 0.12983333333333333
0 0.3447 0.7669583333333333 0.07398 0.16058333333333333
0 0.6150399999999999 0.8919583333333333 0.07412 0.21604166666666666
0 0.54498 0.674375 0.07966 0.16216666666666668
0 0.99514 0.7195416666666666 0.009720000000000001 0.041666666666666664
1 0.39614 0.751 0.020059999999999998 0.091625
1 0.71508 0.3141666666666667 0.013859999999999999 0.06570833333333333
0 0.8632000000000001 0.017583333333333333 0.046979999999999994 0.035166666666666666
0 0.7595 0.013416666666666667 0.04478 0.026833333333333334
0 0.57494 0.13370833333333335 0.07104 0.0805
0 0.56696 0.06570833333333333 0.06038 0.059208333333333335
0 0.21048 0.20358333333333334 0.09724 0.09254166666666667
0 0.03006 0.14620833333333336 0.06012 0.07775
1 0.8099 0.14250000000000002 0.009880000000000002 0.057