0 0.75082 0.015875 0.05346 0.03175
0 0.81296 0.009125 0.040060000000000005 0.018291666666666664
0 0.73812 0.07508333333333334 0.0567 0.057749999999999996
1 0.6716 0.018291666666666664 0.00518 0.03658333333333333
0 0.5464199999999999 0.656875 0.05504 0.17420833333333335
0 0.46558 0.7160833333333334 0.06786 0.179
0 0.47158 0.9403333333333334 0.1151 0.11933333333333333
0 0.35216000000000003 0.7589166666666666 0.08123999999999999 0.17804166666666665
0 0.27916 0.7940416666666666 0.08494 0.202125
0 0.20364 0.8166666666666667 0.0697 0.21845833333333334
0 0.12093999999999999 0.8325416666666666 0.06602 0.22137500000000002
0 0.0304 0.8156666666666667 0.05594 0.18766666666666668
0 0.00608 0.46629166666666666 0.01218 0.11454166666666667
0 0.04426 0.44175 0.05216 0.14820833333333333
0 0.11123999999999999 0.4355 0.059539999999999996 0.15495833333333334
0 0.17546 0.4282916666666667 0.06046 0.15591666666666668
0 0.23944 0.41579166666666667 0.060899999999999996 0.15208333333333332
0 0.3085 0.40712499999999996 0.06136 0.15591666666666668