0 0.35004 0.979375 0.04932 0.04125
0 0.45824000000000004 0.9515 0.07244 0.09695833333333333
0 0.55126 0.9622916666666667 0.056659999999999995 0.07541666666666667
0 0.46462 0.7345833333333334 0.10321999999999999 0.27608333333333335
0 0.39716 0.45658333333333334 0.038799999999999994 0.11020833333333332
0 0.32330000000000003 0.4553333333333333 0.07226 0.09754166666666667
0 0.24428 0.8466666666666666 0.07958 0.19379166666666667
0 0.15794 0.8567916666666666 0.06862 0.18366666666666667
0 0.01074 0.8941666666666667 0.0215 0.200125
0 0.07314 0.4945833333333333 0.0498 0.143125
0 0.015179999999999999 0.5039166666666667 0.030359999999999998 0.16008333333333333
0 0.1938 0.13604166666666667 0.054240000000000003 0.08512499999999999
0 0.54516 0.13004166666666667 0.06922 0.07679166666666666
1 0.85368 0.15916666666666668 0.0094 0.04070833333333333
0 0.96138 0.044875 0.0381 0.05275
1 0.9112 0.4395833333333333 0.0125 0.06291666666666666