0 0.49938 0.7491666666666668 0.0635 0.18870833333333334
0 0.62024 0.9316666666666666 0.05414 0.13666666666666666
0 0.5324 0.94 0.05962 0.12000000000000001
0 0.44658 0.9587916666666667 0.0691 0.08241666666666667
0 0.27366 0.815875 0.0615 0.174125
0 0.29568 0.467125 0.03848 0.13554166666666667
0 0.1643 0.47700000000000004 0.048979999999999996 0.14491666666666667
0 0.99222 0.7979166666666667 0.015560000000000001 0.067125
1 0.84434 0.3060833333333333 0.01632 0.058791666666666666
0 0.49478 0.1985833333333333 0.07954 0.07712500000000001
0 0.76382 0.09108333333333334 0.05958 0.056875
0 0.8799600000000001 0.03325 0.0466 0.05495833333333333