0 0.056299999999999996 0.642625 0.11258 0.13783333333333334
0 0.15369999999999998 0.49279166666666663 0.0684 0.15545833333333334
0 0.17794 0.14104166666666668 0.08928 0.07691666666666667
0 0.02052 0.15225 0.04104 0.080125
0 0.02784 0.8958333333333334 0.055659999999999994 0.20833333333333334
0 0.09602 0.8862083333333334 0.062259999999999996 0.21154166666666668
0 0.246 0.8725833333333333 0.08222 0.20354166666666668
0 0.37522000000000005 0.9711666666666667 0.07164 0.057666666666666665
0 0.38214 0.806875 0.08988 0.20033333333333334
0 0.27216 0.46154166666666663 0.06222 0.16666666666666666
0 0.40214 0.4270833333333333 0.06834 0.15866666666666665
0 0.55636 0.9286666666666666 0.06938 0.14262499999999997
0 0.49060000000000004 0.14183333333333334 0.07012 0.07854166666666668
0 0.55636 0.19391666666666665 0.08476 0.099375
0 0.5252 0.7612083333333334 0.07292 0.1795
0 0.62788 0.919875 0.06478 0.16025
0 0.58828 0.736375 0.08554 0.17145833333333332
0 0.46368 0.9615416666666667 0.06396 0.07691666666666667
0 0.95556 0.052958333333333336 0.0378 0.052375