1 0.88342 0.8361249999999999 0.02456 0.07125000000000001
1 0.91492 0.5767083333333333 0.016120000000000002 0.071875
1 0.86134 0.113375 0.00994 0.055625
0 0.91492 0.05091666666666667 0.05286 0.06245833333333333
0 0.7519 0.01583333333333333 0.044700000000000004 0.03166666666666666
0 0.4445 0.159125 0.0707 0.06675
0 0.3948 0.38675 0.05826 0.12320833333333334
0 0.29006 0.41154166666666664 0.06481999999999999 0.13345833333333335
0 0.2299 0.4235416666666667 0.0636 0.154
0 0.0066 0.8450833333333333 0.0132 0.19916666666666666
0 0.44056 0.936875 0.06814 0.12625
0 0.5398999999999999 0.9076666666666667 0.08368 0.184625
0 0.56316 0.6730416666666666 0.08195999999999999 0.17620833333333333
0 0.4318 0.7595833333333334 0.08648 0.18662499999999999
0 0.35022000000000003 0.7715833333333334 0.0795 0.18975
0 0.9916 0.7197083333333333 0.016800000000000002 0.07408333333333333