0 0.027379999999999998 0.8484166666666667 0.054759999999999996 0.19479166666666667
0 0.1315 0.8117916666666667 0.06912 0.22970833333333335
0 0.2939 0.9695 0.07844 0.06095833333333334
0 0.60814 0.8929583333333333 0.06712 0.21408333333333335
0 0.54384 0.6654166666666667 0.06581999999999999 0.20716666666666667
0 0.38902 0.733 0.0772 0.18916666666666665
0 0.24662 0.7695833333333333 0.06481999999999999 0.22179166666666666
0 0.17122 0.447 0.06423999999999999 0.146375
0 0.163 0.10633333333333334 0.0882 0.07604166666666666
0 0.27848 0.08516666666666667 0.06968 0.06641666666666667
1 0.34862 0.265125 0.01016 0.025
1 0.80192 0.12587500000000001 0.01148 0.049958333333333334
0 0.67822 0.06016666666666667 0.05902 0.07216666666666667
1 0.9408200000000001 0.047125 0.01342 0.043583333333333335