0 0.02476 0.34295833333333337 0.0495 0.09616666666666666
0 0.04912 0.14825 0.08694 0.07533333333333332
0 0.1687 0.13541666666666666 0.08762 0.0625
0 0.02822 0.90225 0.05644 0.1955
0 0.0318 0.5112083333333334 0.05848 0.15062499999999998
0 0.0968 0.4895833333333333 0.062340000000000007 0.15866666666666665
0 0.16832 0.49600000000000005 0.06378 0.14904166666666668
0 0.09948 0.8982500000000001 0.07379999999999999 0.20350000000000001
0 0.17754 0.8990416666666667 0.07146 0.1955
0 0.24408000000000002 0.8645833333333334 0.07992 0.19391666666666665
0 0.31868 0.8373333333333334 0.07528 0.16187500000000002
0 0.36368 0.9751666666666666 0.06856 0.049666666666666665
0 0.45289999999999997 0.9503333333333334 0.06704 0.09933333333333333
0 0.5436599999999999 0.9286666666666666 0.0809 0.14262499999999997
0 0.6302000000000001 0.923875 0.07708 0.15225
0 0.38752 0.826125 0.08988 0.20033333333333334
0 0.45444 0.78525 0.08218 0.18591666666666665
0 0.52636 0.7347916666666666 0.08138 0.19391666666666665
0 0.59558 0.7075416666666666 0.08136 0.19070833333333334
0 0.34946 0.49116666666666664 0.08758 0.15545833333333334
0 0.4033 0.4422916666666667 0.06296 0.14104166666666668
1 0.80824 0.19791666666666666 0.01174 0.06570833333333333