0 0.0063 0.14741666666666667 0.012580000000000001 0.06408333333333334
0 0.05988 0.08733333333333333 0.08234 0.08491666666666667
0 0.03258 0.4527083333333334 0.0508 0.16508333333333333
0 0.02552 0.871 0.05104 0.21633333333333335
1 0.0109 0.9671666666666667 0.02182 0.06570833333333333
1 0.90708 0.7155416666666666 0.01822 0.07533333333333332
1 0.70556 0.13941666666666666 0.010960000000000001 0.051291666666666666
1 0.71942 0.11858333333333333 0.010960000000000001 0.0545
0 0.37792000000000003 0.1875 0.0878 0.08975
0 0.09526000000000001 0.431875 0.05618 0.17787499999999998
0 0.09372 0.83975 0.062340000000000007 0.24358333333333335
0 0.19678 0.599375 0.12222 0.10575
0 0.23716 0.7972916666666666 0.08606 0.23558333333333334
0 0.11602 0.9871666666666666 0.05774 0.025625000000000002
0 0.25677999999999995 0.9639583333333334 0.08854000000000001 0.072125
0 0.35292 0.9535416666666666 0.0824 0.09295833333333332
0 0.44983999999999996 0.9310833333333334 0.08242000000000001 0.13783333333333334
0 0.5456 0.9142499999999999 0.06322 0.17145833333333332
0 0.62482 0.869375 0.06016 0.17787499999999998
0 0.61788 0.548875 0.09366 0.12658333333333333
0 0.53444 0.6875 0.06216 0.1955
0 0.4552 0.7291666666666666 0.08678 0.20833333333333334
0 0.38251999999999997 0.7700416666666666 0.09372 0.18429166666666666
0 0.22178 0.423875 0.06006 0.15545833333333334
0 0.34214 0.43670833333333337 0.08988 0.15225
0 0.45136000000000004 0.5424583333333334 0.09756000000000001 0.107375
0 0.62712 0.23075 0.04632 0.09295833333333332
0 0.7790199999999999 0.013625 0.04364 0.02725
0 0.49676 0.08333333333333333 0.07474 0.08975