1 0.07334 0.8309166666666666 0.0185 0.09775
1 0.72596 0.17066666666666666 0.0148 0.072125
1 0.73748 0.18187499999999998 0.01326 0.059291666666666666
1 0.89824 0.09775 0.01176 0.057708333333333334
0 0.0109 0.2924583333333333 0.02182 0.08175
0 0.15563999999999997 0.14741666666666667 0.10004 0.09295833333333332
0 0.16332 0.0745 0.0907 0.06891666666666667
0 0.03372 0.44949999999999996 0.043859999999999996 0.15866666666666665
0 0.09026 0.4342916666666667 0.0615 0.1795
0 0.15678 0.4310833333333333 0.05916 0.16666666666666666
0 0.21908000000000002 0.43029166666666663 0.06684 0.17145833333333332
0 0.34522 0.44149999999999995 0.08834 0.15225
0 0.16948 0.8285416666666666 0.08145999999999999 0.21475
0 0.11794 0.9855833333333333 0.05082 0.028833333333333332
0 0.25448 0.96475 0.07776000000000001 0.07050000000000001
0 0.44906 0.9350833333333333 0.07628 0.12979166666666667
0 0.5456 0.9110416666666666 0.06322 0.17787499999999998
0 0.5355800000000001 0.6954999999999999 0.059840000000000004 0.17629166666666668
0 0.37292000000000003 0.7420000000000001 0.07604000000000001 0.16666666666666666
0 0.321 0.7924583333333334 0.08162 0.1875
0 0.24484 0.806875 0.08298 0.22595833333333332