1 0.8184600000000001 0.9760416666666667 0.01662 0.04791666666666667
1 0.7691 0.46045833333333336 0.01498 0.06204166666666667
1 0.9168200000000001 0.5880416666666667 0.01838 0.06708333333333334
1 0.92884 0.5845416666666666 0.014539999999999999 0.07208333333333333
1 0.7825599999999999 0.27075 0.01402 0.06304166666666668
1 0.76478 0.26775000000000004 0.0169 0.06304166666666668
1 0.63458 0.015000000000000001 0.00714 0.030041666666666668
1 0.73552 0.140375 0.00846 0.050791666666666666
0 0.6448200000000001 0.10470833333333333 0.06494 0.06508333333333333
0 0.6234400000000001 0.20008333333333334 0.02988 0.095375
0 0.67048 0.35962500000000003 0.0658 0.10070833333333334
0 0.426 0.17645833333333333 0.08164 0.07666666666666666
0 0.48181999999999997 0.10070833333333334 0.07776000000000001 0.07841666666666666
0 0.38706 0.06908333333333333 0.06794 0.07220833333333333
0 0.2812 0.08600000000000001 0.07438 0.07220833333333333
0 0.17232 0.10383333333333335 0.08338 0.07575
0 0.17082 0.22104166666666666 0.09406 0.07666666666666666
0 0.09448000000000001 0.44429166666666664 0.06714 0.13816666666666666
0 0.17424 0.4438333333333333 0.05128 0.10875
0 0.39604 0.39795833333333336 0.05508 0.13279166666666667
0 0.01248 0.828 0.02496 0.21212499999999998
0 0.08056 0.8422499999999999 0.05814 0.20500000000000002
0 0.16354 0.8039166666666666 0.07094 0.23174999999999998
0 0.25274 0.7852083333333333 0.06368 0.20500000000000002
0 0.33466 0.7620416666666666 0.07948000000000001 0.21570833333333334
0 0.41702 0.7433333333333334 0.0765 0.2014166666666667
0 0.5537000000000001 0.6564166666666666 0.07692 0.19341666666666668
0 0.99172 0.7241666666666667 0.016579999999999998 0.0615