0 0.01828 0.88775 0.03656 0.21220833333333333
0 0.10643999999999999 0.8973333333333334 0.06595999999999999 0.20533333333333334
0 0.21322 0.856375 0.0706 0.22304166666666667
0 0.43354000000000004 0.9612083333333333 0.059340000000000004 0.07758333333333334
0 0.51588 0.9454999999999999 0.04222 0.109
0 0.49718 0.7719166666666666 0.05858 0.19920833333333335
0 0.21452000000000002 0.6939583333333333 0.12308 0.11041666666666666
0 0.20126 0.49095833333333333 0.05398 0.172125
0 0.00658 0.5039583333333334 0.01316 0.14400000000000002
0 0.05784 0.21762499999999999 0.08516 0.08229166666666667
0 0.4585 0.14887499999999998 0.07582 0.083375
0 0.7650800000000001 0.6106250000000001 0.07994 0.14508333333333334
0 0.6328400000000001 0.3345416666666667 0.0649 0.11258333333333333
0 0.6954600000000001 0.13370833333333335 0.06748 0.076875
0 0.77158 0.0395 0.060700000000000004 0.06604166666666667
0 0.86148 0.013541666666666667 0.0399 0.027083333333333334
1 0.85654 0.16345833333333332 0.00634 0.034625
1 0.72742 0.23004166666666667 0.006679999999999999 0.04654166666666667
1 0.66196 0.24737499999999998 0.01202 0.057374999999999995
1 0.79938 0.4585 0.01464 0.06170833333333334
1 0.7088 0.19391666666666665 0.00888 0.03129166666666667
1 0.81978 0.27225 0.00878 0.050041666666666665
0 0.89834 0.044375000000000005 0.044020000000000004 0.041124999999999995