0 0.4481 0.9612083333333333 0.06036 0.07758333333333334
0 0.2626 0.8471666666666666 0.07686 0.19379166666666667
0 0.34158 0.8249583333333333 0.09244 0.21220833333333333
0 0.40106 0.4400833333333333 0.0659 0.14833333333333334
0 0.02244 0.34320833333333334 0.04488 0.08229166666666667
0 0.2953 0.244125 0.09656 0.08770833333333333
0 0.5515 0.12125000000000001 0.07162 0.08229166666666667
1 0.6331 0.033 0.00614 0.03354166666666667
0 0.763 0.050875000000000004 0.04872 0.051958333333333336
0 0.88146 0.013000000000000001 0.045579999999999996 0.026000000000000002
1 0.8310599999999999 0.2890833333333333 0.01156 0.05629166666666666
1 0.92096 0.07795833333333334 0.0074199999999999995 0.03895833333333333
0 0.97862 0.03204166666666667 0.02122 0.04629166666666666