0 0.22419999999999998 0.8169166666666666 0.05768 0.22795833333333335
0 0.309 0.7953749999999999 0.05098 0.182375
0 0.609 0.8890833333333333 0.07006 0.1925
0 0.46694 0.718375 0.0724 0.18616666666666667
0 0.33454 0.41466666666666663 0.08876 0.14737499999999998
0 0.41052 0.3671666666666667 0.05368 0.12058333333333333
0 0.38994 0.5878333333333334 0.12074 0.13583333333333333
0 0.04094 0.0925 0.07816 0.07495833333333332
0 0.1376 0.079625 0.07806 0.08195833333333334
0 0.2011 0.27929166666666666 0.10502 0.08079166666666666
0 0.39276 0.10891666666666668 0.08254 0.096
0 0.65804 0.03745833333333334 0.06786 0.06791666666666667
1 0.7805599999999999 0.09366666666666666 0.0074800000000000005 0.053875