0 0.02436 0.8525833333333334 0.04874 0.21795833333333334
0 0.24062 0.9703333333333333 0.0793 0.059291666666666666
0 0.09948 0.849375 0.06918 0.22116666666666665
0 0.54214 0.8974166666666666 0.09014 0.20512499999999997
0 0.39752 0.4046666666666667 0.06834 0.14262499999999997
0 0.21294 0.20754166666666668 0.09776 0.09454166666666668
0 0.08988 0.09375 0.09004000000000001 0.08175
0 0.19024000000000002 0.07770833333333332 0.07837999999999999 0.07854166666666668
0 0.6928799999999999 0.08574999999999999 0.051340000000000004 0.06570833333333333
0 0.8751599999999999 0.012833333333333334 0.04054 0.025625000000000002
0 0.6798 0.02725 0.06982 0.0545
1 0.6875 0.19633333333333333 0.011720000000000001 0.06891666666666667
1 0.73518 0.22516666666666665 0.0148 0.072125
1 0.7697999999999999 0.34454166666666663 0.01482 0.06091666666666666