0 0.02228 0.28479166666666667 0.04456 0.09175
0 0.31013999999999997 0.4038333333333333 0.11044 0.10520833333333333
0 0.39938 0.3872083333333334 0.06714 0.15266666666666667
0 0.09448000000000001 0.8266666666666667 0.07628 0.21358333333333332
0 0.17458 0.8140000000000001 0.06409999999999999 0.18195833333333333
0 0.25830000000000003 0.796625 0.07890000000000001 0.19775
0 0.2547 0.96475 0.07412 0.07050000000000001
0 0.43582 0.9350833333333333 0.07792 0.12983333333333333
0 0.3447 0.7669583333333333 0.07398 0.16058333333333333
0 0.6150399999999999 0.8919583333333333 0.07412 0.21604166666666666
0 0.54498 0.674375 0.07966 0.16216666666666668
0 0.99514 0.7195416666666666 0.009720000000000001 0.041666666666666664
1 0.39196 0.7592083333333334 0.014960000000000001 0.08308333333333334
1 0.73642 0.127625 0.012119999999999999 0.06908333333333333
1 0.8464400000000001 0.25225 0.01214 0.06204166666666667
1 0.9526 0.03054166666666667 0.00704 0.04704166666666666
1 0.9018999999999999 0.10045833333333333 0.00976 0.04429166666666667
0 0.9159400000000001 0.026500000000000003 0.03178 0.053000000000000005
0 0.77908 0.010666666666666666 0.03978 0.021374999999999998
0 0.5218400000000001 0.06920833333333333 0.076 0.089375
0 0.17421999999999999 0.12579166666666666 0.07482 0.08070833333333334