1 0.7384 0.21966666666666665 0.00762 0.05204166666666667
1 0.74838 0.21495833333333333 0.00862 0.05516666666666667
0 0.8226 0.822375 0.046079999999999996 0.17904166666666665
0 0.62124 0.93825 0.05604 0.1235
0 0.5492999999999999 0.9392916666666667 0.05702 0.12141666666666667
0 0.54304 0.7344166666666666 0.0474 0.18216666666666667
0 0.4671 0.9710416666666667 0.052520000000000004 0.057916666666666665
0 0.4641 0.7583749999999999 0.07737999999999999 0.21133333333333332
0 0.33218000000000003 0.83175 0.08138 0.18945833333333334
0 0.24697999999999998 0.8369583333333334 0.06388 0.199875
0 0.1613 0.8864166666666667 0.07038 0.19258333333333333
0 0.02032 0.34458333333333335 0.040659999999999995 0.08329166666666667
0 0.2135 0.4871666666666667 0.05788 0.14575
0 0.41786 0.45908333333333334 0.07884000000000001 0.1415833333333333
1 0.46856 0.320625 0.013380000000000001 0.06454166666666666
0 0.18103999999999998 0.15512499999999999 0.07890000000000001 0.066625