0 0.027579999999999997 0.9047083333333333 0.05514 0.19058333333333335
0 0.09508 0.8917083333333333 0.07895999999999999 0.20691666666666667
0 0.35631999999999997 0.8200000000000001 0.07478 0.179
0 0.43092 0.7863333333333333 0.07338 0.17516666666666666
0 0.61156 0.933125 0.055979999999999995 0.13379166666666667
0 0.2831 0.46437500000000004 0.05964 0.13570833333333335
0 0.39027999999999996 0.11791666666666667 0.06598000000000001 0.074125
0 0.19552 0.8892916666666667 0.07116 0.18645833333333334
0 0.32968000000000003 0.9814583333333334 0.053520000000000005 0.037083333333333336
0 0.4521 0.9590833333333334 0.06154 0.08183333333333334
0 0.53254 0.9403333333333334 0.05856 0.11933333333333333
0 0.28022 0.8432083333333333 0.0684 0.20404166666666665
0 0.4998 0.7510833333333333 0.06386 0.18633333333333332
0 0.55826 0.7156666666666667 0.07784 0.1572083333333333
0 0.09734000000000001 0.4877083333333333 0.055420000000000004 0.14887499999999998
0 0.22524 0.47833333333333333 0.06038 0.14887499999999998
0 0.0851 0.28941666666666666 0.09287999999999999 0.07704166666666666
0 0.23924 0.2665 0.10534 0.08954166666666666
0 0.09609999999999999 0.16654166666666667 0.0829 0.07912499999999999
0 0.20302 0.15512499999999999 0.07987999999999999 0.06870833333333333
0 0.27398 0.18841666666666665 0.089 0.08120833333333333
0 0.39412 0.232125 0.09134 0.08745833333333333
0 0.52478 0.193625 0.07981999999999999 0.072875
0 0.6357200000000001 0.19570833333333332 0.04786 0.07704166666666666
0 0.75288 0.053625 0.04834 0.05516666666666667
0 0.8568 0.015625 0.04732 0.03125
0 0.91228 0.005208333333333333 0.02136 0.010416666666666666
1 0.42676 0.01975 0.01196 0.0395
1 0.48460000000000003 0.31908333333333333 0.010119999999999999 0.054000000000000006
1 0.56186 0.30512500000000004 0.01102 0.053000000000000005
1 0.72566 0.32775 0.010060000000000001 0.042416666666666665
1 0.80496 0.6301249999999999 0.01216 0.03908333333333334
1 0.91948 0.433625 0.01604 0.059166666666666666
1 0.84876 0.3102916666666667 0.01314 0.06516666666666666
1 0.7018 0.07091666666666667 0.008119999999999999 0.050041666666666665
1 0.78036 0.1345 0.00914 0.050041666666666665
1 0.73882 0.10933333333333332 0.0087 0.030333333333333334
1 0.72974 0.15212499999999998 0.00948 0.050875000000000004
1 0.7442799999999999 0.14616666666666667 0.00818 0.043291666666666666
1 0.83074 0.15062499999999998 0.00634 0.024041666666666666
1 0.58386 0.0060416666666666665 0.00524 0.012041666666666668
1 0.70736 0.404375 0.009720000000000001 0.04604166666666667