0 0.09026 0.10016666666666667 0.09387999999999999 0.088125
0 0.14024 0.22033333333333335 0.08762 0.08175
0 0.3083 0.1955 0.08528 0.07691666666666667
0 0.39176 0.09854166666666667 0.08318 0.09454166666666668
0 0.43060000000000004 0.17708333333333334 0.08857999999999999 0.088125
0 0.5536599999999999 0.18187499999999998 0.06984 0.11058333333333333
0 0.66518 0.349375 0.06366 0.13141666666666665
0 0.66826 0.029666666666666668 0.05904 0.059291666666666666
0 0.76864 0.012833333333333334 0.05518 0.025625000000000002
0 0.2387 0.9655416666666666 0.08006 0.06891666666666667
0 0.0259 0.8589583333333334 0.05182 0.20191666666666666
0 0.0345 0.443125 0.05618 0.17787499999999998
0 0.09678 0.8581666666666667 0.07148 0.23237500000000003
0 0.30176 0.4030416666666667 0.06298 0.15225
0 0.54174 0.8950416666666666 0.09244 0.20675
0 0.5463600000000001 0.681875 0.09214 0.19712500000000002
1 0.73096 0.2860416666666667 0.01712 0.06570833333333333
0 0.99436 0.713125 0.01126 0.06091666666666666