0 0.62328 0.9375 0.05862 0.125
0 0.91746 0.853375 0.06822 0.16508333333333333
0 0.83248 0.6538333333333333 0.07978 0.12179166666666667
0 0.45214 0.9583333333333334 0.06242 0.08333333333333333
0 0.5448200000000001 0.931875 0.06938 0.13620833333333332
0 0.44866 0.7796666666666667 0.09064 0.20675
0 0.55596 0.7235416666666666 0.06676 0.18108333333333335
0 0.196 0.8509583333333333 0.06992 0.23075
0 0.03372 0.4967916666666667 0.05156 0.17629166666666668
0 0.0159 0.353375 0.03182 0.06891666666666667
0 0.006679999999999999 0.15062499999999998 0.013359999999999999 0.057708333333333334
0 0.6352000000000001 0.24037499999999998 0.0317 0.10575
0 0.7917000000000001 0.09295833333333332 0.05824 0.06091666666666666