0 0.02998 0.4959166666666667 0.05056 0.16275
0 0.11176 0.5210833333333333 0.04324 0.16391666666666668
0 0.05584 0.8875833333333334 0.06972 0.22483333333333333
0 0.14968 0.870625 0.057280000000000005 0.21429166666666666
0 0.18424000000000001 0.4994166666666667 0.061200000000000004 0.15341666666666667
0 0.46212000000000003 0.768125 0.07162 0.198125
0 0.32598 0.479625 0.05398 0.13858333333333334
0 0.39976 0.4330416666666667 0.05292 0.11908333333333333
0 0.95948 0.047875 0.03282 0.058291666666666665
0 0.07632 0.16058333333333333 0.0857 0.07495833333333332
0 0.24644 0.14250000000000002 0.083 0.09070833333333334
0 0.3526 0.12679166666666666 0.06786 0.075875
1 0.13656000000000001 0.391625 0.019379999999999998 0.079
1 0.52334 0.4841666666666667 0.01966 0.06829166666666667
1 0.67204 0.08966666666666666 0.009800000000000001 0.04441666666666667
1 0.83236 0.2768333333333333 0.011359999999999999 0.06004166666666667
1 0.75958 0.17704166666666668 0.01056 0.05375
1 0.90418 0.3925416666666666 0.012580000000000001 0.058416666666666665
1 0.7260800000000001 0.16183333333333336 0.009699999999999999 0.04691666666666667
1 0.16846 0.06016666666666667 0.0149 0.054375
1 0.76946 0.9808333333333333 0.014960000000000001 0.03833333333333333
1 0.57228 0.6362916666666667 0.01444 0.06179166666666667
1 0.50322 0.6787916666666667 0.01442 0.059875
1 0.50786 0.8284583333333334 0.0143 0.07533333333333332
1 0.41934 0.8627083333333334 0.019960000000000002 0.08208333333333333
1 0.53384 0.7780416666666666 0.01578 0.06079166666666667
1 0.55006 0.736375 0.013619999999999998 0.06079166666666667
1 0.54572 0.6902083333333333 0.013619999999999998 0.06079166666666667
0 0.07522 0.286875 0.07814 0.07958333333333334
0 0.28508 0.268375 0.0963 0.08329166666666667
0 0.46366 0.22212500000000002 0.08122 0.07404166666666666
0 0.6107 0.17908333333333332 0.06078 0.07125000000000001
0 0.74282 0.05320833333333333 0.04786 0.05645833333333334
0 0.81544 0.02775 0.0474 0.048125
0 0.89718 0.006958333333333333 0.0385 0.013875
1 0.80702 0.19591666666666668 0.01282 0.05629166666666666