0 0.12766 0.5057916666666666 0.05896 0.15899999999999997
0 0.29218 0.8550416666666667 0.09466 0.20791666666666667
0 0.62578 0.9090416666666666 0.06698 0.18191666666666664
0 0.3523 0.469875 0.04108 0.14095833333333332
0 0.97314 0.005541666666666667 0.02428 0.011125
0 0.82078 0.08191666666666667 0.048299999999999996 0.05458333333333333
0 0.9951599999999999 0.7838333333333334 0.009699999999999999 0.066625
0 0.38664 0.801 0.07823999999999999 0.17141666666666666
0 0.64454 0.3954583333333333 0.04924 0.10520833333333333
0 0.50522 0.22287500000000002 0.08276 0.08395833333333333
0 0.12106 0.33695833333333336 0.08392000000000001 0.08275