1 0.15716 0.31279166666666663 0.008400000000000001 0.049958333333333334
1 0.16338 0.3345416666666667 0.0147 0.063875
1 0.23246 0.31370833333333337 0.01426 0.06479166666666666
1 0.26532 0.3141666666666667 0.0177 0.07679166666666666
1 0.6521 0.193 0.01246 0.05545833333333334
1 0.85466 0.2599166666666667 0.006900000000000001 0.04495833333333333
1 0.82956 0.09674999999999999 0.0079 0.019874999999999997
1 0.82882 0.7510833333333333 0.01934 0.06558333333333334
0 0.5435399999999999 0.7005833333333332 0.05738 0.18529166666666666
0 0.4656 0.7120416666666666 0.0674 0.17904166666666665
0 0.35268 0.758875 0.08138 0.181125
0 0.27898 0.7947916666666667 0.0849 0.20299999999999999
0 0.202 0.8177083333333334 0.07586 0.22795833333333335
0 0.12832 0.8119583333333333 0.06638 0.23316666666666666
0 0.0314 0.8182083333333333 0.0565 0.18945833333333334
0 0.26968000000000003 0.586625 0.12326000000000001 0.10875
0 0.30963999999999997 0.40858333333333335 0.061799999999999994 0.156875
0 0.21287999999999999 0.42154166666666665 0.06598000000000001 0.20404166666666665
0 0.13526 0.44945833333333335 0.054920000000000004 0.16362500000000002
0 0.04474 0.4437083333333333 0.0494 0.144375
0 0.007019999999999999 0.2901666666666667 0.01402 0.07024999999999999
0 0.1154 0.218 0.09648000000000001 0.08758333333333333
0 0.24466 0.13233333333333333 0.08122 0.08512499999999999
0 0.34616 0.17675000000000002 0.09495999999999999 0.08512499999999999
0 0.4783 0.16470833333333335 0.08120000000000001 0.0685
0 0.63464 0.09925 0.06562 0.07016666666666667
0 0.7709600000000001 0.0415 0.054079999999999996 0.050499999999999996
0 0.6605 0.0325 0.06232 0.05816666666666667