0 0.00632 0.8416666666666667 0.01264 0.19920833333333335
0 0.13066 0.9687083333333334 0.10582 0.06258333333333334
0 0.06898 0.8339583333333334 0.060020000000000004 0.23579166666666668
0 0.35122000000000003 0.772375 0.07844 0.18575
0 0.44154000000000004 0.9379166666666666 0.06892 0.12416666666666668
0 0.54086 0.9075833333333333 0.08464 0.18479166666666666
0 0.5635 0.6770833333333334 0.08444 0.18383333333333332
0 0.43138 0.7612916666666667 0.08538 0.19058333333333335
0 0.39396 0.3869166666666667 0.057659999999999996 0.130875
0 0.28934 0.40470833333333334 0.06276 0.14341666666666666
0 0.22974 0.423 0.06368 0.15304166666666666
0 0.01834 0.295 0.03666 0.07795833333333334
0 0.04264 0.46679166666666666 0.047979999999999995 0.11741666666666667
0 0.9919600000000001 0.72275 0.016079999999999997 0.06395833333333333