0 0.02998 0.4959166666666667 0.05056 0.16275
0 0.11176 0.5210833333333333 0.04324 0.16391666666666668
0 0.05584 0.8875833333333334 0.06972 0.22483333333333333
0 0.14968 0.870625 0.057280000000000005 0.21429166666666666
0 0.18424000000000001 0.4994166666666667 0.061200000000000004 0.15341666666666667
0 0.44472 0.9725833333333332 0.059840000000000004 0.054875
0 0.46212000000000003 0.768125 0.07162 0.198125
0 0.32598 0.479625 0.05398 0.13858333333333334
0 0.39976 0.4330416666666667 0.05292 0.11908333333333333
0 0.95948 0.047875 0.03282 0.058291666666666665
0 0.07632 0.16058333333333333 0.0857 0.07495833333333332
0 0.24644 0.14250000000000002 0.083 0.09070833333333334
0 0.3526 0.12679166666666666 0.06786 0.075875
1 0.65098 0.015041666666666667 0.00422 0.028083333333333335
1 0.63486 0.03308333333333333 0.00856 0.028083333333333335
0 0.61658 0.20350000000000001 0.0461 0.09025
0 0.78474 0.09375 0.051340000000000004 0.06116666666666667
0 0.72484 0.05716666666666667 0.048960000000000004 0.05816666666666667
0 0.7989400000000001 0.028583333333333336 0.05182 0.055125
1 0.75824 0.977 0.01242 0.046
0 0.8730399999999999 0.011958333333333333 0.036840000000000005 0.023958333333333335
0 0.90752 0.098875 0.04382 0.04579166666666667
0 0.033600000000000005 0.2937916666666667 0.06720000000000001 0.085625