0 0.62124 0.93825 0.05604 0.1235
0 0.5492999999999999 0.9392916666666667 0.05702 0.12141666666666667
0 0.54304 0.7344166666666666 0.0474 0.18216666666666667
0 0.4671 0.9710416666666667 0.052520000000000004 0.057916666666666665
0 0.33218000000000003 0.83175 0.08138 0.18945833333333334
0 0.24697999999999998 0.8369583333333334 0.06388 0.199875
0 0.1613 0.8864166666666667 0.07038 0.19258333333333333
0 0.02032 0.34458333333333335 0.04064 0.08329166666666667
0 0.41678 0.4585 0.081 0.14045833333333332
0 0.18103999999999998 0.15512499999999999 0.07890000000000001 0.066625
0 0.0906 0.16341666666666665 0.07390000000000001 0.07079166666666666
0 0.9771599999999999 0.0365 0.02082 0.05516666666666667
0 0.11772 0.50725 0.05778 0.12270833333333334
0 0.38368 0.9831666666666667 0.04548 0.033666666666666664
0 0.9916799999999999 0.7828333333333333 0.016640000000000002 0.07854166666666668
0 0.61042 0.165 0.06654 0.07183333333333333
1 0.8898400000000001 0.14429166666666668 0.00714 0.05725
1 0.86558 0.15404166666666666 0.01124 0.04991666666666667
1 0.7443 0.2672916666666667 0.009460000000000001 0.04020833333333333
1 0.7554 0.15708333333333335 0.01062 0.051166666666666666
1 0.76738 0.14979166666666668 0.00888 0.05845833333333333
1 0.81486 0.14075000000000001 0.01366 0.04954166666666667
1 0.7272799999999999 0.31454166666666666 0.009720000000000001 0.050708333333333334