0 0.09218000000000001 0.8405416666666666 0.07158 0.22916666666666666
0 0.1168 0.988 0.04696 0.024041666666666666
0 0.24178 0.8036666666666666 0.0876 0.21954166666666666
0 0.25178 0.9615416666666667 0.08622 0.07691666666666667
0 0.44752 0.9399166666666667 0.0855 0.12020833333333333
0 0.31983999999999996 0.7916666666666666 0.07623999999999999 0.20833333333333334
0 0.1487 0.4487083333333333 0.06148 0.13783333333333334
0 0.22256 0.427875 0.0693 0.16666666666666666
0 0.04284 0.14904166666666668 0.08566 0.09616666666666666
0 0.16256 0.08175 0.08774 0.080125
0 0.04642 0.08333333333333333 0.08618 0.080125
0 0.61326 0.050499999999999996 0.07368000000000001 0.08175
1 0.67518 0.3854166666666667 0.0148 0.052875
1 0.7121000000000001 0.5665 0.01788 0.07854166666666668
1 0.72864 0.5737083333333334 0.0125 0.06408333333333334
1 0.8801599999999999 0.10016666666666667 0.011 0.052875
1 0.8917 0.09775 0.009460000000000001 0.057708333333333334