0 0.9917 0.7818333333333333 0.0166 0.07158333333333333
0 0.62762 0.9136666666666666 0.06514 0.172625
0 0.55318 0.73575 0.07448 0.16591666666666666
0 0.29475999999999997 0.8474166666666666 0.075 0.18975
0 0.20366 0.862625 0.07384 0.21795833333333334
0 0.35122000000000003 0.47550000000000003 0.03686 0.13770833333333332
0 0.20574 0.5009583333333334 0.0551 0.11929166666666666
0 0.12664 0.5096666666666666 0.055119999999999995 0.154
0 0.05976 0.5150833333333333 0.055659999999999994 0.130125
0 0.02248 0.13879166666666667 0.04494 0.09325
0 0.11988 0.14095833333333332 0.07594 0.07158333333333333
0 0.06548000000000001 0.33616666666666667 0.09 0.08241666666666667
1 0.1275 0.32845833333333335 0.01176 0.052708333333333336
1 0.69988 0.14708333333333332 0.00824 0.05883333333333333
0 0.37289999999999995 0.11295833333333333 0.06602 0.076
0 0.6974400000000001 0.08066666666666666 0.06338 0.05516666666666667
0 0.80036 0.034874999999999996 0.04736 0.06141666666666667