1 0.7000599999999999 0.109375 0.0077 0.03383333333333333
1 0.79072 0.11841666666666667 0.0126 0.049625
0 0.65566 0.034958333333333334 0.0551 0.06091666666666666
0 0.57362 0.496875 0.08142 0.12275
0 0.394 0.38229166666666664 0.05672 0.12383333333333332
0 0.2402 0.43979166666666664 0.06666 0.16316666666666665
0 0.04126 0.4592916666666667 0.04624 0.11516666666666667
0 0.11195999999999999 0.44633333333333336 0.04708 0.11783333333333333
0 0.01828 0.296375 0.03658 0.06604166666666667
0 0.09418000000000001 0.08125 0.08006 0.09104166666666667
0 0.43998000000000004 0.937875 0.06988 0.12425
0 0.5398200000000001 0.9097500000000001 0.08020000000000001 0.1805
0 0.62272 0.8971666666666667 0.056659999999999995 0.19283333333333333
0 0.6157 0.20329166666666668 0.03226 0.0905