0 0.0263 0.892625 0.05258 0.21475
0 0.0964 0.8902083333333334 0.06148 0.21954166666666666
0 0.24984 0.884625 0.07452 0.20191666666666666
0 0.15372 0.4847916666666666 0.0639 0.15225
0 0.27294 0.46154166666666663 0.06545999999999999 0.15062499999999998
0 0.32638 0.24116666666666667 0.07066 0.088125
0 0.62788 0.326125 0.06752 0.14583333333333334
0 0.38445999999999997 0.798875 0.08548 0.17466666666666666
0 0.37676 0.9679583333333334 0.06856 0.06408333333333334
0 0.46176 0.767625 0.07088 0.1955
0 0.55444 0.9310833333333334 0.07476000000000001 0.13783333333333334
0 0.6309600000000001 0.923875 0.06478 0.15225
0 0.5875 0.7355833333333333 0.08059999999999999 0.16666666666666666
0 0.5252 0.7579999999999999 0.07292 0.1795
0 0.4006 0.43029166666666663 0.05758 0.15545833333333334
0 0.89362 0.043250000000000004 0.04668 0.08333333333333333
0 0.46098 0.9527083333333334 0.08012000000000001 0.09454166666666668
0 0.1764 0.14262499999999997 0.07992 0.080125