0 0.027379999999999998 0.8484166666666667 0.054759999999999996 0.19479166666666667
0 0.1315 0.8117916666666667 0.06912 0.22970833333333335
0 0.2939 0.9695 0.07844 0.06095833333333334
0 0.60814 0.8929583333333333 0.06712 0.21408333333333335
0 0.54384 0.6654166666666667 0.06581999999999999 0.20716666666666667
0 0.38902 0.733 0.0772 0.18916666666666665
0 0.24662 0.7695833333333333 0.06481999999999999 0.22179166666666666
0 0.17122 0.447 0.06423999999999999 0.146375
0 0.163 0.10633333333333334 0.0882 0.07604166666666666
0 0.27848 0.08516666666666667 0.06968 0.06641666666666667
0 0.31418 0.5835 0.11986 0.09533333333333333
0 0.6568999999999999 0.5002083333333334 0.09824 0.09533333333333333
1 0.5899800000000001 0.24608333333333335 0.01248 0.06245833333333333
1 0.56656 0.26816666666666666 0.01394 0.057916666666666665
1 0.53896 0.27120833333333333 0.0121 0.059416666666666666
1 0.88624 0.0935 0.01282 0.050708333333333334
0 0.8503 0.034458333333333334 0.048960000000000004 0.05466666666666666
0 0.60102 0.12758333333333333 0.0684 0.08241666666666667
0 0.4198 0.17275000000000001 0.08094 0.0745
0 0.01488 0.22466666666666668 0.02976 0.06645833333333333