0 0.25012 0.959375 0.14328 0.08125
0 0.0308 0.8178333333333333 0.05722 0.18629166666666666
0 0.20302 0.8208333333333333 0.0699 0.2155
0 0.28046 0.7963749999999999 0.08288 0.20195833333333332
0 0.35366000000000003 0.7615 0.08136 0.19258333333333333
0 0.4661 0.7182916666666667 0.07038 0.18529166666666666
0 0.5407799999999999 0.7016249999999999 0.05888 0.18945833333333334
0 0.0444 0.44554166666666667 0.05044 0.14575
0 0.13558 0.45075000000000004 0.05692 0.16445833333333332
0 0.24274 0.41170833333333334 0.06638 0.16966666666666666
0 0.30968 0.40858333333333335 0.06038 0.15304166666666666
0 0.0071200000000000005 0.2904583333333333 0.014240000000000001 0.07183333333333333
0 0.11914 0.236875 0.15718000000000001 0.17170833333333332
0 0.17292 0.08525 0.0847 0.070625
1 0.82412 0.6961666666666667 0.02152 0.08079166666666666
1 0.721 0.6897083333333334 0.01868 0.07729166666666668
1 0.7061000000000001 0.6897083333333334 0.01812 0.079625
0 0.6091599999999999 0.15691666666666665 0.04768 0.11008333333333334
1 0.49442 0.26975 0.01448 0.05825