0 0.16244 0.10245833333333333 0.08766 0.07200000000000001
0 0.27938 0.08149999999999999 0.0717 0.06329166666666666
0 0.04018 0.44337499999999996 0.06494 0.14316666666666666
0 0.17116 0.44495833333333334 0.06562 0.15583333333333332
0 0.027280000000000002 0.8460416666666667 0.05128 0.20170833333333332
0 0.13168000000000002 0.8104583333333333 0.0702 0.22704166666666667
0 0.13396 0.98375 0.07484 0.0325
0 0.29381999999999997 0.9714583333333333 0.07940000000000001 0.057041666666666664
0 0.24542 0.7712916666666667 0.06678 0.21991666666666668
0 0.39102 0.7222500000000001 0.074 0.22783333333333333
0 0.46792 0.7214583333333333 0.06523999999999999 0.180375
0 0.49563999999999997 0.9152916666666666 0.09954 0.169375
0 0.6082000000000001 0.89475 0.06806 0.21050000000000002
0 0.5442400000000001 0.664875 0.06676 0.20645833333333333
1 0.85566 0.9444166666666667 0.01966 0.07679166666666666
1 0.8079 0.6061666666666666 0.01566 0.07033333333333333
1 0.77926 0.5793333333333333 0.012539999999999999 0.057374999999999995
1 0.74372 0.5525 0.016980000000000002 0.04441666666666667
1 0.7741399999999999 0.4488333333333333 0.01278 0.0685
1 0.96602 0.44375 0.01718 0.05275
0 0.6157999999999999 0.41183333333333333 0.055 0.11291666666666668
0 0.54184 0.14854166666666666 0.08478 0.08420833333333334
0 0.63978 0.10920833333333334 0.07188 0.0685
0 0.61824 0.2642083333333333 0.05722 0.10829166666666666
1 0.7932400000000001 0.14945833333333333 0.01276 0.05458333333333333
1 0.7392799999999999 0.12308333333333334 0.015 0.059208333333333335
0 0.30883999999999995 0.20591666666666666 0.09232 0.082375
0 0.1274 0.224875 0.09545999999999999 0.07404166666666666