0 0.02998 0.4959166666666667 0.05056 0.16275
0 0.11176 0.5210833333333333 0.04324 0.16391666666666668
0 0.05584 0.8875833333333334 0.06972 0.22483333333333333
0 0.14968 0.870625 0.057280000000000005 0.21429166666666666
0 0.18424000000000001 0.4994166666666667 0.061200000000000004 0.15341666666666667
0 0.46212000000000003 0.768125 0.07162 0.198125
0 0.32598 0.479625 0.05398 0.13858333333333334
0 0.39976 0.4330416666666667 0.05292 0.11908333333333333
0 0.95948 0.047875 0.03282 0.058291666666666665
0 0.07632 0.16058333333333333 0.0857 0.07495833333333332
0 0.24644 0.14250000000000002 0.083 0.09070833333333334
0 0.3526 0.12679166666666666 0.06786 0.075875
1 0.51446 0.9854583333333333 0.01594 0.029083333333333336
1 0.52312 0.926875 0.01498 0.044041666666666666
1 0.5029399999999999 0.909875 0.01306 0.05604166666666666
1 0.5224 0.8528333333333333 0.0193 0.05204166666666667
1 0.5284 0.80175 0.01498 0.05204166666666667
1 0.50822 0.8192916666666666 0.01402 0.057041666666666664
1 0.4131 0.7016666666666667 0.01772 0.07408333333333333
1 0.31438 0.3473333333333333 0.01534 0.07808333333333332
1 0.87752 0.35220833333333335 0.01222 0.049708333333333334
1 0.6835800000000001 0.27725000000000005 0.01282 0.047125
1 0.73726 0.25495833333333334 0.0083 0.04029166666666666
1 0.7269800000000001 0.3007916666666667 0.01242 0.05654166666666667
1 0.46856 0.012583333333333334 0.005059999999999999 0.025125
1 0.50092 0.009125 0.010539999999999999 0.01825
1 0.6461 0.06658333333333334 0.0070999999999999995 0.05304166666666667
0 0.21982 0.27429166666666666 0.0734 0.07508333333333334
0 0.41752 0.23820833333333333 0.08906 0.07604166666666666
0 0.59722 0.17804166666666665 0.06781999999999999 0.07508333333333334
0 0.73214 0.057749999999999996 0.05136 0.06545833333333334
0 0.8083400000000001 0.029375 0.0484 0.05291666666666666
0 0.86124 0.06354166666666666 0.041460000000000004 0.05391666666666666
0 0.8721 0.010125 0.03544 0.02020833333333333
1 0.9931599999999999 0.13841666666666666 0.00864 0.048666666666666664
1 0.64552 0.011666666666666665 0.00696 0.023375