0 0.12766 0.5057916666666666 0.05896 0.15899999999999997
0 0.28488 0.848625 0.08004 0.19508333333333333
0 0.19426 0.5020416666666666 0.05148 0.13420833333333335
0 0.62578 0.9090416666666666 0.06698 0.18191666666666664
0 0.3523 0.469875 0.04108 0.14095833333333332
0 0.45822 0.96375 0.057 0.0725
0 0.15486000000000003 0.8583333333333333 0.07106 0.19116666666666668
0 0.1205 0.33383333333333337 0.08308 0.08508333333333334
0 0.00466 0.145625 0.009300000000000001 0.06708333333333334
1 0.01002 0.399375 0.01682 0.06608333333333333
0 0.9556399999999999 0.058291666666666665 0.03102 0.04620833333333333