1 0.61788 0.8862083333333334 0.02016 0.08333333333333333
1 0.83286 0.09133333333333334 0.00868 0.03845833333333334
0 0.82708 0.024833333333333332 0.047479999999999994 0.049666666666666665
0 0.5752 0.125 0.08214 0.07691666666666667
0 0.42482 0.16345833333333332 0.06448000000000001 0.080125
0 0.15869999999999998 0.22033333333333335 0.09531999999999999 0.09133333333333334
0 0.09101999999999999 0.09454166666666668 0.09072 0.07691666666666667
0 0.03372 0.4407083333333333 0.0592 0.17629166666666668
0 0.10064000000000001 0.8517499999999999 0.06994 0.21312499999999998
0 0.23986000000000002 0.9711666666666667 0.0793 0.057666666666666665
0 0.54096 0.896625 0.08754 0.20675
0 0.54596 0.681875 0.096 0.20033333333333334
0 0.1591 0.4375 0.06378 0.14104166666666668
0 0.30022000000000004 0.400625 0.06606000000000001 0.14425
0 0.9948400000000001 0.713 0.010320000000000001 0.06775