1 0.67944 0.0885 0.0136 0.06454166666666666
1 0.70292 0.06974999999999999 0.00838 0.04579166666666667
1 0.6749400000000001 0.035375000000000004 0.00438 0.027083333333333334
1 0.6592 0.009875 0.00788 0.019791666666666666
1 0.64924 0.015250000000000001 0.00888 0.028166666666666666
0 0.45898 0.16479166666666664 0.07887999999999999 0.07625
0 0.43927999999999995 0.21816666666666668 0.07084 0.08208333333333333
0 0.2811 0.14366666666666666 0.06976 0.073875
0 0.16428 0.275625 0.10184 0.08208333333333333
0 0.34834 0.25275 0.07590000000000001 0.07858333333333332
0 0.0046 0.2920416666666667 0.0092 0.04925
1 0.15388 0.37412500000000004 0.01018 0.04691666666666667
0 0.18087999999999999 0.4849583333333333 0.06862 0.17008333333333334
0 0.11982 0.8696666666666667 0.0839 0.24983333333333332
0 0.23212 0.8444583333333333 0.05398 0.21345833333333333
0 0.31626 0.80925 0.0579 0.18529166666666666
0 0.42913999999999997 0.9662083333333332 0.0564 0.06758333333333333
0 0.52398 0.946875 0.06036 0.10625
0 0.6208400000000001 0.9192916666666666 0.06258 0.16141666666666668
1 0.7666000000000001 0.22 0.009380000000000001 0.04795833333333333
0 0.77162 0.0485 0.047439999999999996 0.059416666666666666
0 0.8234 0.027125 0.047920000000000004 0.05420833333333333
0 0.645 0.162125 0.06548000000000001 0.06570833333333333
0 0.8857200000000001 0.009916666666666666 0.04342 0.019791666666666666
0 0.97246 0.010916666666666667 0.034820000000000004 0.021875
0 0.3346 0.9789166666666667 0.05514 0.042124999999999996