0 0.09179999999999999 0.84375 0.06772 0.23879166666666668
0 0.11564 0.990375 0.05082 0.01925
0 0.25216 0.96475 0.08392000000000001 0.07050000000000001
0 0.35292 0.9535416666666666 0.0824 0.09295833333333332
0 0.44868 0.9295000000000001 0.08012000000000001 0.14104166666666668
0 0.31716 0.7892499999999999 0.08316 0.20033333333333334
0 0.17872 0.7996666666666666 0.07698 0.21795833333333334
0 0.02052 0.2916666666666667 0.04104 0.080125
0 0.04604 0.08733333333333333 0.08231999999999999 0.09133333333333334
0 0.16256 0.08175 0.0862 0.07691666666666667
0 0.14831999999999998 0.4503333333333333 0.06236 0.14741666666666667
0 0.2191 0.42866666666666664 0.06544 0.18108333333333335
1 0.71596 0.4295 0.019420000000000003 0.07370833333333333
1 0.64442 0.017625000000000002 0.00674 0.035250000000000004