0 0.02998 0.4959166666666667 0.05056 0.16275
0 0.11176 0.5210833333333333 0.04324 0.16391666666666668
0 0.05584 0.8875833333333334 0.06972 0.22483333333333333
0 0.14968 0.870625 0.057280000000000005 0.21429166666666666
0 0.18424000000000001 0.4994166666666667 0.061200000000000004 0.15341666666666667
0 0.44472 0.9725833333333332 0.059840000000000004 0.054875
0 0.46212000000000003 0.768125 0.07162 0.198125
0 0.32598 0.479625 0.05398 0.13858333333333334
0 0.39976 0.4330416666666667 0.05292 0.11908333333333333
0 0.95948 0.047875 0.03282 0.058291666666666665
0 0.07632 0.16058333333333333 0.0857 0.07495833333333332
0 0.24644 0.14250000000000002 0.083 0.09070833333333334
0 0.3526 0.12679166666666666 0.06786 0.075875
1 0.41028 0.9520416666666667 0.01878 0.06470833333333333
1 0.80602 0.7877916666666667 0.01868 0.03045833333333333
0 0.47272000000000003 0.22666666666666666 0.08 0.09020833333333332
0 0.48894 0.14154166666666665 0.0681 0.07783333333333334
1 0.5673400000000001 0.019125 0.008 0.03825
0 0.7780199999999999 0.09758333333333334 0.0535 0.060708333333333336
0 0.70412 0.060708333333333336 0.05768 0.08241666666666667
0 0.8186 0.026583333333333334 0.04412 0.053125
0 0.9070199999999999 0.10045833333333333 0.04382 0.05308333333333334