0 0.16244 0.10245833333333333 0.08766 0.07200000000000001
0 0.27938 0.08149999999999999 0.0717 0.06329166666666666
0 0.04018 0.44337499999999996 0.06494 0.14316666666666666
0 0.17116 0.44495833333333334 0.06562 0.15583333333333332
0 0.027280000000000002 0.8460416666666667 0.05128 0.20170833333333332
0 0.13168000000000002 0.8104583333333333 0.0702 0.22704166666666667
0 0.13396 0.98375 0.07484 0.0325
0 0.29381999999999997 0.9714583333333333 0.07940000000000001 0.057041666666666664
0 0.24542 0.7712916666666667 0.06678 0.21991666666666668
0 0.39102 0.7222500000000001 0.074 0.22783333333333333
0 0.46792 0.7214583333333333 0.06523999999999999 0.180375
0 0.49563999999999997 0.9152916666666666 0.09954 0.169375
0 0.6082000000000001 0.89475 0.06806 0.21050000000000002
0 0.5442400000000001 0.664875 0.06676 0.20645833333333333
1 0.86286 0.982375 0.01638 0.035250000000000004
1 0.72934 0.39462499999999995 0.01236 0.067375
1 0.71226 0.4075833333333333 0.01236 0.05679166666666667
1 0.69862 0.41000000000000003 0.0112 0.057749999999999996
1 0.7997799999999999 0.20116666666666666 0.010039999999999999 0.048125
1 0.8829400000000001 0.09912499999999999 0.01188 0.051958333333333336
0 0.755 0.064 0.060880000000000004 0.060625000000000005
0 0.60694 0.1371666666666667 0.06878000000000001 0.07024999999999999
0 0.36416000000000004 0.19633333333333333 0.0877 0.077
0 0.01602 0.23483333333333334 0.03204 0.08279166666666667