0 0.44186000000000003 0.9384583333333333 0.06866 0.12308333333333334
0 0.5406 0.907625 0.08636 0.18479166666666666
0 0.62762 0.9000416666666666 0.06196 0.19991666666666666
0 0.49278 0.7075 0.08512 0.16345833333333332
0 0.5631799999999999 0.6761250000000001 0.08042 0.17429166666666665
0 0.39404 0.38325000000000004 0.05706 0.13425
0 0.2896 0.407625 0.06436 0.1375
0 0.037579999999999995 0.8363333333333334 0.06448000000000001 0.23274999999999998
0 0.042 0.45958333333333334 0.04932 0.12016666666666667
0 0.11162000000000001 0.450375 0.04826 0.11691666666666665
0 0.1285 0.21004166666666665 0.09034 0.08445833333333333
0 0.19113999999999998 0.07904166666666666 0.06606000000000001 0.07145833333333333
0 0.38208 0.17375000000000002 0.0799 0.07254166666666667
0 0.39248 0.10175000000000001 0.07598 0.06279166666666666
1 0.70302 0.08708333333333333 0.00962 0.051000000000000004