0 0.60784 0.8950833333333333 0.06594 0.20983333333333334
0 0.5434 0.6665 0.06826 0.20691666666666667
0 0.02748 0.851125 0.05126 0.19133333333333333
0 0.13168000000000002 0.812875 0.0683 0.22870833333333335
0 0.17118 0.44716666666666666 0.06356 0.148625
0 0.16372 0.10054166666666667 0.08878 0.07475000000000001
0 0.27946 0.08541666666666667 0.0691 0.067625
0 0.38101999999999997 0.73125 0.06606000000000001 0.18416666666666667
0 0.1723 0.22054166666666666 0.086 0.088625
0 0.22084 0.147 0.084 0.073
0 0.81574 0.9530833333333334 0.1025 0.09383333333333334
1 0.8068200000000001 0.21370833333333333 0.01354 0.06104166666666667
1 0.7945599999999999 0.23070833333333332 0.00442 0.03904166666666666
1 0.7400399999999999 0.18116666666666664 0.012580000000000001 0.05604166666666666
0 0.7297 0.02804166666666667 0.05902 0.05604166666666666
0 0.48446 0.09258333333333332 0.07972 0.07908333333333334
1 0.81122 0.13304166666666667 0.00976 0.04533333333333334
1 0.79664 0.13433333333333333 0.00872 0.049625
0 0.0046 0.4734166666666667 0.00922 0.122125
1 0.9798 0.10058333333333333 0.01056 0.04025