0 0.12794 0.990375 0.04312 0.01925
0 0.25062 0.9623333333333334 0.08238 0.07533333333333332
0 0.35137999999999997 0.9527083333333334 0.08394 0.09454166666666668
0 0.43906 0.931875 0.06704 0.13620833333333332
0 0.52828 0.9054583333333334 0.1009 0.18908333333333335
0 0.52674 0.6842916666666666 0.08522 0.1795
0 0.37716000000000005 0.5672916666666666 0.10778 0.12179166666666667
0 0.38906 0.7668333333333333 0.08988 0.19070833333333334
0 0.31483999999999995 0.7964583333333334 0.08604 0.21475
0 0.24638 0.8092916666666666 0.07992 0.20833333333333334
0 0.16602 0.8413333333333333 0.073 0.22437500000000002
0 0.09872 0.8549583333333334 0.06302 0.19070833333333334
0 0.02552 0.8774166666666667 0.05104 0.21633333333333335
0 0.030260000000000002 0.44470833333333337 0.047659999999999994 0.16508333333333333
0 0.08986 0.4350833333333333 0.06534000000000001 0.16187500000000002
0 0.15486000000000003 0.4375 0.06762 0.16987500000000003
0 0.22062 0.43829166666666663 0.06838 0.14583333333333334
0 0.34446 0.4359166666666667 0.08528 0.15062499999999998
0 0.41136 0.40545833333333337 0.09602 0.13783333333333334
0 0.64404 0.28125 0.0752 0.11379166666666667
0 0.38138 0.13383333333333333 0.07934000000000001 0.08491666666666667
0 0.14602 0.22354166666666667 0.09466 0.08491666666666667
0 0.013980000000000001 0.2916666666666667 0.027960000000000002 0.07370833333333333
0 0.05294 0.09775 0.056119999999999996 0.080125
0 0.16948 0.07770833333333332 0.08916 0.072125
1 0.6851799999999999 0.024041666666666666 0.00674 0.04808333333333333
1 0.27484 0.057708333333333334 0.00932 0.0545
1 0.23524 0.07050000000000001 0.008539999999999999 0.06729166666666667
1 0.89862 0.8525833333333334 0.01716 0.07050000000000001
1 0.90516 0.512 0.021 0.09454166666666668
1 0.8820800000000001 0.8541666666666666 0.021 0.09295833333333332
0 0.97624 0.26629166666666665 0.04754 0.08895833333333333