0 0.02852 0.21595833333333334 0.05704 0.09358333333333334
0 0.07814 0.175375 0.052 0.053000000000000005
0 0.2378 0.15787500000000002 0.08764 0.06991666666666667
0 0.39152 0.124625 0.06486 0.07104166666666667
0 0.51036 0.150125 0.11252 0.08966666666666666
0 0.52938 0.09175 0.04646 0.06254166666666666
0 0.6305 0.32375000000000004 0.056479999999999995 0.11158333333333334
0 0.69404 0.15433333333333332 0.06046 0.058374999999999996
0 0.6938 0.08183333333333334 0.05614 0.06570833333333333
0 0.8334199999999999 0.025041666666666667 0.047939999999999997 0.050041666666666665
0 0.9014800000000001 0.043791666666666666 0.040920000000000005 0.045875
1 0.7235 0.4465833333333334 0.00844 0.037875
1 0.7094600000000001 0.46608333333333335 0.01468 0.07470833333333333
0 0.6201 0.9346666666666666 0.04894 0.13062500000000002
0 0.54684 0.947125 0.0562 0.10575
0 0.55228 0.7183333333333334 0.05656 0.1829583333333333
0 0.47174 0.7740833333333333 0.060719999999999996 0.19704166666666667
0 0.37718 0.9790833333333333 0.0546 0.041875
0 0.4042 0.7925 0.06386 0.19270833333333334
0 0.33144 0.817375 0.0628 0.19487500000000002
0 0.24104 0.8520416666666667 0.05356 0.20354166666666668
0 0.01828 0.8947916666666667 0.03656 0.20245833333333335
0 0.10534 0.5002083333333334 0.0494 0.16341666666666665
0 0.17878 0.49916666666666665 0.0514 0.130125
0 0.24622 0.47104166666666664 0.053380000000000004 0.161375
0 0.31866 0.45908333333333334 0.05636 0.13533333333333333
0 0.39936 0.4622083333333334 0.07584 0.14991666666666664
1 0.29012 0.137625 0.00708 0.051166666666666666