0 0.5205599999999999 0.9445 0.05454 0.111
0 0.43136 0.9647916666666667 0.052020000000000004 0.07037500000000001
0 0.55902 0.7167083333333333 0.04936 0.19675
1 0.594 0.70475 0.0146 0.06245833333333333
1 0.49756 0.5610833333333333 0.0154 0.07079166666666666
1 0.3157 0.39558333333333334 0.01046 0.047875
0 0.48632 0.7630416666666666 0.04504 0.17695833333333333
0 0.41164 0.7635833333333333 0.04852 0.20299999999999999
0 0.32944 0.815625 0.055 0.20299999999999999
0 0.23126 0.8442500000000001 0.054520000000000006 0.21654166666666666
0 0.1181 0.8718333333333333 0.08596 0.24254166666666668
0 0.039560000000000005 0.8785833333333334 0.07912000000000001 0.21654166666666666
0 0.056060000000000006 0.6605000000000001 0.11209999999999999 0.10929166666666666
0 0.0349 0.50125 0.045439999999999994 0.14470833333333333
0 0.11134000000000001 0.511125 0.06242 0.127
0 0.18178 0.485625 0.0664 0.17383333333333334
0 0.25222 0.4653333333333334 0.06038 0.1415833333333333
0 0.34166 0.48041666666666666 0.06036 0.15304166666666666
0 0.39462 0.4492083333333333 0.05834 0.13845833333333332
0 0.18378 0.27912499999999996 0.09186 0.08470833333333333
0 0.32304 0.26275 0.0729 0.07508333333333334
0 0.46116 0.2189583333333333 0.08209999999999999 0.074125
0 0.38839999999999997 0.12754166666666666 0.07334 0.06254166666666666
0 0.075 0.16075 0.0841 0.08279166666666667
1 0.11031999999999999 0.077 0.01244 0.051958333333333336
0 0.27986 0.14100000000000001 0.07062 0.07604166666666666
0 0.59654 0.207875 0.03056 0.09625
0 0.69262 0.599625 0.09064 0.11549999999999999
1 0.922 0.4282916666666667 0.01238 0.05391666666666666
1 0.7133200000000001 0.2688333333333333 0.0076 0.05275
0 0.66112 0.07033333333333333 0.0799 0.09070833333333334
0 0.75818 0.10458333333333333 0.05012 0.05366666666666667
0 0.79814 0.03145833333333333 0.051 0.057374999999999995
1 0.91352 0.6838333333333334 0.011619999999999998 0.043583333333333335
1 0.9308200000000001 0.6545000000000001 0.012060000000000001 0.03825
1 0.9301799999999999 0.697625 0.01334 0.051625000000000004
1 0.64418 0.016 0.0119 0.03204166666666667
1 0.8961399999999999 0.153375 0.01044 0.030083333333333333
1 0.97312 0.14954166666666666 0.0088 0.030500000000000003
1 0.9823999999999999 0.15325 0.0068200000000000005 0.026375
0 0.89164 0.04695833333333333 0.03632 0.04120833333333333
0 0.8727999999999999 0.012208333333333333 0.0414 0.024374999999999997