0 0.027379999999999998 0.8484166666666667 0.054759999999999996 0.19479166666666667
0 0.1315 0.8117916666666667 0.06912 0.22970833333333335
0 0.2939 0.9695 0.07844 0.06095833333333334
0 0.60814 0.8929583333333333 0.06712 0.21408333333333335
0 0.54384 0.6654166666666667 0.06581999999999999 0.20716666666666667
0 0.38902 0.733 0.0772 0.18916666666666665
0 0.24662 0.7695833333333333 0.06481999999999999 0.22179166666666666
0 0.17122 0.447 0.06423999999999999 0.146375
0 0.163 0.10633333333333334 0.0882 0.07604166666666666
0 0.27848 0.08516666666666667 0.06968 0.06641666666666667
1 0.09178 0.34175 0.01668 0.07420833333333333
1 0.6322000000000001 0.3215 0.01194 0.06845833333333333
0 0.59934 0.15183333333333332 0.05082 0.110875
0 0.697 0.04725 0.06762 0.063625
1 0.86864 0.09929166666666665 0.01306 0.05204166666666667
1 0.8462000000000001 0.10458333333333333 0.01074 0.04529166666666666
0 0.80802 0.030375 0.04988 0.051083333333333335
0 0.9317799999999999 0.050124999999999996 0.06326 0.09445833333333334