0 0.09872 0.8958333333333334 0.06302 0.20191666666666666
0 0.09526000000000001 0.4895833333333333 0.062259999999999996 0.15866666666666665
0 0.16908 0.5 0.06068 0.15066666666666664
0 0.24559999999999998 0.8637916666666666 0.08608 0.1955
0 0.3583 0.9775833333333334 0.07164 0.04483333333333333
0 0.31908 0.8365416666666667 0.08220000000000001 0.17629166666666668
0 0.38752 0.8180833333333334 0.09602 0.1875
0 0.5375 0.9295000000000001 0.08676 0.14100000000000001
0 0.6297999999999999 0.9247083333333334 0.0729 0.15058333333333335
0 0.53366 0.7355416666666666 0.08062000000000001 0.21475
0 0.34598 0.4887916666666667 0.08528 0.15062499999999998
0 0.1687 0.13941666666666666 0.08762 0.07370833333333333
0 0.75288 0.10416666666666667 0.06364 0.08333333333333333
0 0.79286 0.033666666666666664 0.06056 0.06408333333333334
0 0.45444 0.7860416666666666 0.07909999999999999 0.1875
0 0.45176 0.9575416666666666 0.0755 0.08491666666666667
0 0.17562 0.8814166666666666 0.07221999999999999 0.20516666666666666
0 0.59558 0.7107500000000001 0.0829 0.19070833333333334
0 0.02976 0.9030416666666666 0.0595 0.19391666666666665
0 0.01668 0.35175 0.03336 0.07533333333333332
0 0.24562 0.4952083333333333 0.06606000000000001 0.14741666666666667
0 0.5152 0.20754166666666668 0.04398 0.11058333333333333
0 0.64442 0.349375 0.07443999999999999 0.12179166666666667
0 0.72172 0.06170833333333334 0.0598 0.06891666666666667
0 0.85554 0.017625000000000002 0.04746 0.035250000000000004
0 0.9097799999999999 0.004791666666666666 0.03592 0.009583333333333333
1 0.66096 0.068125 0.0094 0.052875
1 0.5463600000000001 0.3092916666666667 0.01092 0.080125