1 0.16756000000000001 0.3934166666666667 0.0116 0.072125
1 0.21014 0.39008333333333334 0.011619999999999998 0.058708333333333335
1 0.15208000000000002 0.3779166666666667 0.00966 0.063
1 0.13352 0.3915416666666667 0.013779999999999999 0.052958333333333336
0 0.16926 0.13458333333333333 0.06866 0.07729166666666668
0 0.5893999999999999 0.18683333333333335 0.07642 0.09016666666666667
0 0.61412 0.09949999999999999 0.07368000000000001 0.09879166666666667
0 0.88654 0.03720833333333333 0.046939999999999996 0.05725
0 0.7460399999999999 0.483125 0.0747 0.13025
0 0.6257999999999999 0.920875 0.05856 0.15824999999999997
0 0.55504 0.9251666666666666 0.07228 0.14966666666666667
0 0.5231 0.7579999999999999 0.07434 0.18179166666666668
0 0.46264 0.9630833333333333 0.06745999999999999 0.07379166666666667
0 0.37606 0.9695416666666666 0.0688 0.06091666666666666
0 0.38636000000000004 0.8073750000000001 0.08784 0.19470833333333332
0 0.27368000000000003 0.45879166666666665 0.061759999999999995 0.164625
0 0.15447999999999998 0.4895833333333333 0.06795999999999999 0.15462499999999998
0 0.0844 0.4845833333333333 0.054240000000000003 0.164625
0 0.0259 0.8932916666666666 0.05178 0.20329166666666668
0 0.09573999999999999 0.8915416666666667 0.061799999999999994 0.21691666666666667
0 0.24552000000000002 0.8789583333333333 0.07962000000000001 0.19183333333333333
0 0.40182 0.43162500000000004 0.07066 0.15316666666666665
0 0.9582200000000001 0.05529166666666666 0.04206 0.06570833333333333