0 0.02228 0.28479166666666667 0.04456 0.09175
0 0.31013999999999997 0.4038333333333333 0.11044 0.10520833333333333
0 0.39938 0.3872083333333334 0.06714 0.15266666666666667
0 0.09448000000000001 0.8266666666666667 0.07628 0.21358333333333332
0 0.17458 0.8140000000000001 0.06409999999999999 0.18195833333333333
0 0.25830000000000003 0.796625 0.07890000000000001 0.19775
0 0.2547 0.96475 0.07412 0.07050000000000001
0 0.43582 0.9350833333333333 0.07792 0.12983333333333333
0 0.6150399999999999 0.8919583333333333 0.07412 0.21604166666666666
0 0.54498 0.674375 0.07966 0.16216666666666668
0 0.99514 0.7195416666666666 0.009720000000000001 0.041666666666666664
0 0.32088 0.6879166666666666 0.07221999999999999 0.13520833333333335
0 0.33166 0.11216666666666668 0.07809999999999999 0.07858333333333332
0 0.5999800000000001 0.124125 0.07476000000000001 0.07058333333333335
0 0.859 0.02333333333333333 0.05722 0.04666666666666666
1 0.67976 0.052375 0.0105 0.056916666666666664
1 0.73442 0.21462499999999998 0.0116 0.060333333333333336
1 0.6944600000000001 0.04429166666666667 0.004719999999999999 0.023083333333333334
1 0.8109400000000001 0.14504166666666668 0.01098 0.059291666666666666
1 0.8295800000000001 0.09824999999999999 0.00842 0.019666666666666666