0 0.0878 0.45249999999999996 0.061579999999999996 0.1579583333333333
0 0.17722 0.45249999999999996 0.05958 0.13658333333333333
0 0.15236000000000002 0.8124166666666667 0.05572 0.196625
0 0.26688 0.40725 0.056420000000000005 0.15304166666666666
0 0.33204 0.41504166666666664 0.07864 0.16208333333333333
0 0.39698 0.38833333333333336 0.05836 0.12833333333333333
0 0.98124 0.7407916666666666 0.037520000000000005 0.105875
0 0.10614 0.09341666666666668 0.07894 0.076
1 0.30296 0.41170833333333334 0.00994 0.06141666666666667
1 0.31744 0.47679166666666667 0.01492 0.07912499999999999
1 0.0174 0.365375 0.01554 0.07079166666666666
1 0.78136 0.37579166666666663 0.013380000000000001 0.066625
0 0.65796 0.3466666666666667 0.06236 0.11241666666666666
1 0.9287000000000001 0.20445833333333333 0.01 0.04525