1 0.1564 0.4046666666666667 0.013900000000000001 0.088125
1 0.65866 0.034458333333333334 0.01094 0.052875
1 0.7659400000000001 0.2836666666666667 0.01328 0.06408333333333334
0 0.9182400000000001 0.013625 0.0313 0.02725
0 0.00822 0.2964583333333334 0.01644 0.06408333333333334
0 0.17256 0.080125 0.08466 0.07691666666666667
0 0.22332 0.14825 0.0876 0.08175
0 0.19486 0.4799583333333333 0.0616 0.16508333333333333
0 0.02398 0.8501666666666666 0.04796 0.21633333333333335
0 0.13140000000000002 0.9855833333333333 0.07158 0.028833333333333332
0 0.24102 0.96875 0.08006 0.0625
0 0.5402 0.8958333333333334 0.08936 0.20833333333333334
0 0.46522 0.7083333333333334 0.054740000000000004 0.23075
0 0.17526 0.8325416666666666 0.08081999999999999 0.23558333333333334
0 0.31407999999999997 0.786875 0.08452 0.21154166666666668
0 0.37906 0.7355833333333333 0.0745 0.18591666666666665
0 0.39944 0.4038333333333333 0.06756000000000001 0.14741666666666667
0 0.72056 0.455125 0.0698 0.13141666666666665
0 0.62058 0.24279166666666668 0.055979999999999995 0.11058333333333333
0 0.63712 0.15225 0.05862 0.09616666666666666
0 0.75748 0.017625000000000002 0.0621 0.035250000000000004