0 0.12766 0.5057916666666666 0.05896 0.15899999999999997
0 0.20316 0.8604583333333333 0.06924 0.19170833333333331
0 0.28488 0.848625 0.08004 0.19508333333333333
0 0.19426 0.5020416666666666 0.05148 0.13420833333333335
0 0.53606 0.9553333333333334 0.056479999999999995 0.08933333333333333
0 0.62578 0.9090416666666666 0.06698 0.18191666666666664
0 0.59114 0.684375 0.06431999999999999 0.27116666666666667
0 0.3523 0.469875 0.04108 0.14095833333333332
0 0.41206 0.44054166666666666 0.06812 0.150375
0 0.039659999999999994 0.52075 0.055060000000000005 0.13208333333333333
0 0.44654000000000005 0.7724583333333332 0.05812 0.20679166666666668
0 0.79108 0.950375 0.05724 0.09925
0 0.69728 0.5001666666666666 0.06798 0.12558333333333332
0 0.63388 0.35670833333333335 0.068 0.11800000000000001
0 0.5393 0.19920833333333335 0.07634 0.080125
0 0.60946 0.10175000000000001 0.06695999999999999 0.080125
0 0.09984 0.28379166666666666 0.09462000000000001 0.07508333333333334
0 0.10274 0.144625 0.08884 0.06708333333333334
0 0.231 0.131125 0.09458 0.09008333333333333
0 0.95384 0.04604166666666667 0.02776 0.04004166666666666
1 0.72566 0.15929166666666666 0.0071200000000000005 0.043708333333333335
1 0.7873600000000001 0.18166666666666667 0.00862 0.028125
1 0.9080199999999999 0.8874583333333333 0.02084 0.06558333333333334