0 0.60784 0.8950833333333333 0.06594 0.20983333333333334
0 0.5434 0.6665 0.06826 0.20691666666666667
0 0.02748 0.851125 0.05126 0.19133333333333333
0 0.13168000000000002 0.812875 0.0683 0.22870833333333335
0 0.17118 0.44716666666666666 0.06356 0.148625
0 0.16372 0.10054166666666667 0.08878 0.07475000000000001
0 0.27946 0.08541666666666667 0.0691 0.067625
1 0.515 0.4285833333333333 0.01246 0.05854166666666667
1 0.08304 0.34049999999999997 0.01084 0.06170833333333334
1 0.80836 0.12491666666666666 0.01208 0.04441666666666667
1 0.80326 0.17074999999999999 0.00968 0.049041666666666664
0 0.7988 0.007875 0.04432 0.01575
0 0.6217999999999999 0.05183333333333333 0.07058 0.08329166666666667
0 0.90586 0.8329166666666666 0.05428 0.17583333333333334
0 0.50786 0.9145833333333333 0.08268 0.17079166666666667
0 0.38416 0.9548749999999999 0.07156 0.09029166666666667
0 0.29642 0.7380416666666666 0.06745999999999999 0.19341666666666668
0 0.38058 0.7292500000000001 0.06788 0.17954166666666668
0 0.45476 0.7024166666666667 0.07054 0.14808333333333332
0 0.4099 0.401625 0.06788 0.13325
0 0.30995999999999996 0.14020833333333332 0.08298 0.082375