0 0.16558 0.4830416666666667 0.05088 0.15125
0 0.18578 0.8575 0.062 0.19758333333333333
0 0.44776 0.9622916666666667 0.06626 0.07541666666666667
0 0.5306000000000001 0.9403333333333334 0.055159999999999994 0.11933333333333333
0 0.62018 0.9348333333333334 0.05632 0.13029166666666667
0 0.4993 0.7501666666666666 0.0649 0.18054166666666666
0 0.29762 0.4653333333333334 0.04094 0.1305
0 0.35198 0.46275 0.039920000000000004 0.128375
0 0.18122 0.15033333333333332 0.07562 0.08220833333333334
1 0.76706 0.12216666666666667 0.009800000000000001 0.05516666666666667
0 0.92916 0.11879166666666667 0.05392 0.059666666666666666