0 0.12766 0.5057916666666666 0.05896 0.15899999999999997
0 0.28488 0.848625 0.08004 0.19508333333333333
0 0.62578 0.9090416666666666 0.06698 0.18191666666666664
0 0.3523 0.469875 0.04108 0.14095833333333332
0 0.45822 0.96375 0.057 0.0725
0 0.53944 0.9559166666666666 0.048600000000000004 0.088125
0 0.79574 0.7707499999999999 0.06709999999999999 0.15416666666666667
0 0.009439999999999999 0.5044166666666666 0.018879999999999997 0.146125
0 0.05532 0.5085416666666667 0.054799999999999995 0.15908333333333333
0 0.21286000000000002 0.4872916666666667 0.05422 0.15675
0 0.29828 0.49024999999999996 0.046479999999999994 0.14379166666666665
0 0.014240000000000001 0.14495833333333333 0.028480000000000002 0.07779166666666668
0 0.10256 0.1408333333333333 0.08704 0.08366666666666665
0 0.31522 0.25575000000000003 0.0836 0.080125
0 0.41537999999999997 0.228625 0.07232 0.07308333333333333
0 0.61446 0.24454166666666666 0.04174 0.09075000000000001
0 0.6687799999999999 0.14908333333333335 0.06552 0.060083333333333336
0 0.72082 0.06304166666666668 0.0508 0.060083333333333336
0 0.79464 0.09016666666666667 0.0536 0.060083333333333336
0 0.8314 0.022375 0.044539999999999996 0.04479166666666667
0 0.8973 0.01 0.038299999999999994 0.02
0 0.04498 0.9017916666666667 0.06523999999999999 0.19445833333333334
0 0.13128 0.8598333333333333 0.06388 0.225125
0 0.20512 0.8578333333333333 0.06706000000000001 0.1865
0 0.3675 0.6500416666666666 0.1156 0.12520833333333334
0 0.36878 0.8385 0.07468000000000001 0.18783333333333332
0 0.51488 0.7519166666666667 0.06254 0.18783333333333332
0 0.59094 0.6833333333333333 0.05996 0.26908333333333334
0 0.5334 0.5674583333333333 0.09962 0.10920833333333334
0 0.9521799999999999 0.05529166666666666 0.02922 0.043958333333333335
0 0.41842 0.44075000000000003 0.07406 0.162125