0 0.07732 0.15966666666666668 0.08592 0.08004166666666666
0 0.10736 0.5320416666666666 0.05396 0.16875
0 0.19197999999999998 0.49404166666666666 0.05738 0.16083333333333333
0 0.25226 0.48175 0.0509 0.12995833333333334
0 0.32530000000000003 0.48370833333333335 0.05632 0.13075
0 0.4004 0.4337916666666667 0.05064 0.12120833333333333
0 0.056240000000000005 0.8860416666666667 0.07186 0.22791666666666668
0 0.14764 0.8666250000000001 0.055619999999999996 0.22008333333333333
0 0.24853999999999998 0.8339583333333334 0.09154000000000001 0.20979166666666668
0 0.44539999999999996 0.965125 0.06528 0.06974999999999999
0 0.36512 0.7879583333333334 0.08454 0.1985833333333333
0 0.45488 0.7797916666666667 0.0808 0.175375
0 0.62222 0.9169583333333333 0.061579999999999996 0.16604166666666667
0 0.52442 0.7737499999999999 0.07462 0.1564583333333333
1 0.24258000000000002 0.6133333333333333 0.01814 0.06170833333333334
1 0.7084400000000001 0.41358333333333336 0.0061200000000000004 0.021666666666666667
1 0.6996 0.39408333333333334 0.009460000000000001 0.03679166666666667
1 0.76066 0.18945833333333334 0.0087 0.04545833333333334
1 0.77286 0.18891666666666668 0.00714 0.027083333333333334
0 0.8573 0.020583333333333335 0.0482 0.041124999999999995
0 0.7609199999999999 0.049791666666666665 0.053939999999999995 0.06495833333333333
0 0.66896 0.15104166666666666 0.05916 0.06604166666666667
0 0.55438 0.1245 0.06698 0.07579166666666667
0 0.6066 0.2500833333333333 0.037340000000000005 0.09095833333333332
0 0.89316 0.17591666666666667 0.11782 0.1872916666666667
0 0.42963999999999997 0.237625 0.08045999999999999 0.07254166666666667
0 0.31401999999999997 0.262 0.09658 0.080125
0 0.18046 0.286375 0.10696 0.083375
0 0.03024 0.28691666666666665 0.06046 0.093125