1 0.5744199999999999 0.4984166666666667 0.00862 0.0545
1 0.0207 0.40825 0.019579999999999997 0.069625
1 0.8519800000000001 0.6205833333333334 0.01932 0.06404166666666666
1 0.84904 0.7436666666666666 0.01324 0.059416666666666666
1 0.7235 0.33316666666666667 0.01298 0.06108333333333334
1 0.7401599999999999 0.24291666666666664 0.01056 0.05275
1 0.84276 0.15362499999999998 0.0099 0.042583333333333334
1 0.76264 0.19354166666666667 0.00924 0.046625
1 0.68536 0.06779166666666667 0.008960000000000001 0.046625
1 0.6786 0.035250000000000004 0.008960000000000001 0.033625
1 0.01466 0.011458333333333333 0.007980000000000001 0.022916666666666665
0 0.59796 0.228875 0.03762 0.088625
0 0.69978 0.15483333333333332 0.06092 0.05733333333333333
0 0.81692 0.08133333333333333 0.045939999999999995 0.058374999999999996
0 0.8807200000000001 0.058374999999999996 0.03642 0.043791666666666666
0 0.93226 0.022958333333333334 0.0354 0.043791666666666666
0 0.76962 0.043791666666666666 0.04646 0.06254166666666666
0 0.83592 0.022958333333333334 0.04294 0.045875
0 0.7566 0.6157083333333334 0.08848 0.14908333333333335
0 0.65652 0.41654166666666664 0.06048 0.107375
0 0.5284 0.931125 0.06966 0.13770833333333332
0 0.23436 0.8440416666666667 0.056979999999999996 0.21166666666666664
0 0.31518 0.8132916666666666 0.06348 0.196
0 0.011859999999999999 0.8419583333333333 0.0237 0.14283333333333334
0 0.18181999999999998 0.4837916666666667 0.06798 0.17933333333333332
0 0.08123999999999999 0.167875 0.08812 0.07091666666666667
0 0.08424 0.29141666666666666 0.10204 0.07820833333333334
0 0.23862 0.27629166666666666 0.0865 0.08133333333333333
0 0.28216 0.14545833333333333 0.07064 0.08445833333333333
0 0.37522000000000005 0.24608333333333335 0.08946 0.073
0 0.49260000000000004 0.222625 0.084 0.08029166666666666
1 0.7926 0.206125 0.00894 0.03658333333333333
0 0.33638 0.9791666666666666 0.06164 0.041666666666666664