0 0.22419999999999998 0.8169166666666666 0.05768 0.22795833333333335
0 0.309 0.7953749999999999 0.05098 0.182375
0 0.609 0.8890833333333333 0.07006 0.1925
0 0.46694 0.718375 0.0724 0.18616666666666667
0 0.41052 0.3671666666666667 0.05368 0.12058333333333333
0 0.13584000000000002 0.08275 0.07748000000000001 0.076
1 0.70328 0.5193333333333333 0.0156 0.06441666666666666
1 0.78984 0.13874999999999998 0.006900000000000001 0.031625
1 0.10668000000000001 0.042749999999999996 0.01074 0.026916666666666665
1 0.032780000000000004 0.8606666666666667 0.0112 0.07258333333333335
1 0.10443999999999999 0.8079583333333333 0.00836 0.07258333333333335
0 0.06452 0.815 0.06681999999999999 0.20375
0 0.14772 0.9748333333333333 0.0737 0.050333333333333334
0 0.50966 0.9127500000000001 0.0906 0.17445833333333333
0 0.24142 0.9820416666666667 0.05578 0.035916666666666666
0 0.1474 0.815125 0.05794 0.22520833333333332
0 0.38438 0.76 0.05676 0.199375
0 0.55748 0.6720416666666666 0.06404 0.19704166666666667
1 0.65864 0.94075 0.020579999999999998 0.07670833333333334
1 0.59668 0.6630833333333332 0.0159 0.07670833333333334
1 0.36782 0.37783333333333335 0.011 0.067125
0 0.33533999999999997 0.41954166666666665 0.07579999999999999 0.14616666666666667
0 0.2592 0.41520833333333335 0.06694 0.14616666666666667
0 0.16306 0.4265416666666667 0.05658 0.16670833333333332
0 0.09759999999999999 0.440625 0.054520000000000006 0.14941666666666667
0 0.03264 0.4482083333333333 0.05142 0.16025
0 0.18256 0.27283333333333337 0.10282 0.086625
0 0.26646 0.19487500000000002 0.09292 0.093125
0 0.39794 0.10770833333333334 0.08044 0.07037500000000001
0 0.31895999999999997 0.06495833333333333 0.0659 0.067125
0 0.23452 0.07525 0.08618 0.07254166666666667
0 0.66218 0.033 0.06848 0.066
0 0.97092 0.008 0.02282 0.016041666666666666