0 0.9916799999999999 0.728375 0.016640000000000002 0.072125
0 0.4739 0.7015 0.09487999999999999 0.21566666666666665
0 0.31712 0.769375 0.0736 0.21183333333333335
0 0.24498 0.8169583333333333 0.06326 0.16745833333333332
0 0.16428 0.803625 0.07116 0.22454166666666667
0 0.07296 0.8220416666666667 0.0663 0.22074999999999997
0 0.00498 0.8270833333333333 0.00996 0.14970833333333333
0 0.06972 0.10600000000000001 0.08708 0.07441666666666666
0 0.3891 0.07275000000000001 0.06758 0.07783333333333334
0 0.59712 0.22191666666666665 0.06538 0.09983333333333334
0 0.53318 0.13370833333333335 0.07524 0.07129166666666667
0 0.5257000000000001 0.08020833333333334 0.06892 0.07308333333333333
1 0.73446 0.111875 0.00822 0.034749999999999996
1 0.74386 0.1475 0.0065 0.05616666666666667