0 0.12766 0.5057916666666666 0.05896 0.15899999999999997
0 0.20316 0.8604583333333333 0.06924 0.19170833333333331
0 0.28488 0.848625 0.08004 0.19508333333333333
0 0.19426 0.5020416666666666 0.05148 0.13420833333333335
0 0.53606 0.9553333333333334 0.056479999999999995 0.08933333333333333
0 0.62578 0.9090416666666666 0.06698 0.18191666666666664
0 0.59114 0.684375 0.06431999999999999 0.27116666666666667
0 0.3523 0.469875 0.04108 0.14095833333333332
0 0.41206 0.44054166666666666 0.06812 0.150375
0 0.102 0.140625 0.08932 0.08308333333333334
0 0.9540599999999999 0.05254166666666667 0.02918 0.043041666666666666
1 0.62666 0.03354166666666667 0.01148 0.05504166666666667
1 0.76262 0.376875 0.00872 0.06304166666666668