1 0.24104 0.5730416666666667 0.01106 0.07120833333333333
1 0.9207799999999999 0.677625 0.01846 0.06141666666666667
1 0.72774 0.49654166666666666 0.00902 0.05516666666666667
1 0.71962 0.3439166666666667 0.01158 0.0525
1 0.7915399999999999 0.22495833333333334 0.011619999999999998 0.054000000000000006
1 0.8771 0.34320833333333334 0.01082 0.05570833333333333
1 0.8649600000000001 0.33337500000000003 0.01286 0.06170833333333334
1 0.8017000000000001 0.6723333333333333 0.01312 0.06279166666666666
0 0.0412 0.8864166666666667 0.0824 0.20404166666666665
0 0.11842 0.868625 0.08318 0.23770833333333333
0 0.23088 0.8416666666666667 0.05306 0.21270833333333333
0 0.43184 0.9648749999999999 0.0523 0.07024999999999999
0 0.5224 0.9456249999999999 0.05782 0.10875
0 0.55126 0.7300416666666667 0.06458 0.18383333333333332
0 0.48498 0.7612916666666667 0.0495 0.18095833333333333
0 0.4113 0.76325 0.048100000000000004 0.19633333333333333
0 0.3143 0.8161666666666666 0.0637 0.19441666666666665
0 0.3942 0.4485 0.06182 0.12704166666666666
0 0.25214 0.46437500000000004 0.059539999999999996 0.14150000000000001
0 0.18331999999999998 0.48412499999999997 0.06972 0.179
0 0.11172 0.513 0.062340000000000007 0.12895833333333334
0 0.0884 0.29404166666666665 0.09794 0.08375
0 0.25352 0.2695 0.08632 0.07891666666666668
0 0.28032 0.143875 0.06968 0.074125
0 0.37777999999999995 0.23675 0.08168 0.077
0 0.44456 0.15641666666666668 0.08228 0.07795833333333334
0 0.50762 0.2695 0.07984000000000001 0.11358333333333334
0 0.5441 0.18045833333333333 0.06968 0.07216666666666667
0 0.62424 0.2997916666666667 0.0461 0.09912499999999999
0 0.65058 0.19008333333333333 0.047020000000000006 0.07604166666666666
0 0.84576 0.14483333333333331 0.03824 0.07216666666666667
0 0.74276 0.16170833333333334 0.06414 0.057749999999999996
0 0.7725599999999999 0.04570833333333334 0.0535 0.05679166666666667
0 0.83052 0.026000000000000002 0.04564 0.050041666666666665
0 0.8811 0.013000000000000001 0.03592 0.026000000000000002
0 0.33277999999999996 0.9804166666666667 0.0515 0.039125