0 0.07732 0.15966666666666668 0.08592 0.08004166666666666
0 0.10736 0.5320416666666666 0.05396 0.16875
0 0.19197999999999998 0.49404166666666666 0.05738 0.16083333333333333
0 0.25226 0.48175 0.0509 0.12995833333333334
0 0.32530000000000003 0.48370833333333335 0.05632 0.13075
0 0.4004 0.4337916666666667 0.05064 0.12120833333333333
0 0.056240000000000005 0.8860416666666667 0.07186 0.22791666666666668
0 0.14764 0.8666250000000001 0.055619999999999996 0.22008333333333333
0 0.24853999999999998 0.8339583333333334 0.09154000000000001 0.20979166666666668
0 0.44539999999999996 0.965125 0.06528 0.06974999999999999
0 0.36512 0.7879583333333334 0.08454 0.1985833333333333
0 0.45488 0.7797916666666667 0.0808 0.175375
0 0.62222 0.9169583333333333 0.061579999999999996 0.16604166666666667
0 0.52442 0.7737499999999999 0.07462 0.1564583333333333
0 0.04348 0.28529166666666667 0.08696 0.08554166666666667
0 0.254 0.27608333333333335 0.10438 0.080125
0 0.27608 0.19162500000000002 0.08618 0.07795833333333334
0 0.41925999999999997 0.23870833333333333 0.0888 0.076875
0 0.54214 0.13208333333333333 0.07682 0.07579166666666667
0 0.62476 0.17591666666666667 0.06744 0.06170833333333334
0 0.88148 0.05520833333333333 0.0425 0.043291666666666666
0 0.89966 0.008125 0.041460000000000004 0.01625
0 0.7998999999999999 0.04058333333333333 0.055 0.05304166666666667
1 0.90512 0.39408333333333334 0.01288 0.05629166666666666
1 0.67786 0.06216666666666667 0.01082 0.050749999999999997
1 0.6179 0.017125 0.0077800000000000005 0.03425
1 0.69788 0.08574999999999999 0.00904 0.043250000000000004
1 0.77632 0.630625 0.0121 0.043250000000000004
0 0.96156 0.2705 0.07687999999999999 0.16629166666666664