0 0.99552 0.7155416666666666 0.008960000000000001 0.04645833333333334
1 0.71192 0.31074999999999997 0.0126 0.059333333333333335
1 0.68344 0.20558333333333334 0.0136 0.06141666666666667
1 0.76812 0.07129166666666667 0.01112 0.04891666666666667
1 0.7916 0.18216666666666667 0.010119999999999999 0.066625
0 0.78886 0.007791666666666667 0.03836 0.015625
0 0.6821799999999999 0.027583333333333335 0.06586 0.05516666666666667
0 0.3127 0.40545833333333337 0.10436 0.105125
0 0.39864 0.38675 0.06638 0.14679166666666665
0 0.02258 0.28524999999999995 0.04516 0.091625
0 0.09434000000000001 0.8255 0.07440000000000001 0.21862499999999999
0 0.17502 0.8150833333333334 0.06488 0.181125
0 0.25795999999999997 0.7953333333333333 0.07586 0.19779166666666667
0 0.25422 0.9653333333333334 0.07154 0.06933333333333333
0 0.43836 0.9392916666666667 0.07104 0.12141666666666667
0 0.61298 0.8924583333333334 0.07357999999999999 0.21508333333333332
0 0.45808 0.7125416666666666 0.07734 0.20299999999999999
0 0.54502 0.675625 0.07931999999999999 0.15616666666666665