1 0.68414 0.9441666666666666 0.02152 0.07270833333333333
0 0.79162 0.6409583333333334 0.0693 0.14925
0 0.5538200000000001 0.6567083333333333 0.076 0.19370833333333334
0 0.48154 0.7100416666666667 0.08714 0.17425
0 0.41634 0.7429166666666667 0.07512 0.19741666666666668
0 0.34228 0.762375 0.08002 0.20854166666666665
0 0.25396 0.784625 0.06356 0.20299999999999999
0 0.1761 0.8138333333333333 0.055560000000000005 0.22433333333333336
0 0.09556 0.44166666666666665 0.06622 0.13441666666666666
0 0.1743 0.44308333333333333 0.0502 0.10566666666666666
0 0.23814 0.4337916666666667 0.06308 0.11679166666666667
0 0.39698 0.398125 0.05504 0.138125
0 0.045079999999999995 0.27899999999999997 0.06670000000000001 0.09824999999999999
0 0.16898 0.2095 0.10004 0.08158333333333333
0 0.1723 0.099625 0.08358 0.071375
0 0.28154 0.08204166666666667 0.07512 0.06949999999999999
0 0.35204 0.17425 0.08534 0.07045833333333333
0 0.4299 0.10520833333333333 0.07642 0.07320833333333333
0 0.38698 0.06533333333333333 0.06708 0.05283333333333333
0 0.5598 0.12745833333333334 0.0746 0.06766666666666667
0 0.73824 0.07925 0.05064 0.06579166666666666
1 0.9433400000000001 0.04125 0.00992 0.038
0 0.87394 0.014375 0.047939999999999997 0.02875
1 0.7427 0.217375 0.00542 0.03429166666666667
1 0.8263400000000001 0.21366666666666667 0.00632 0.04541666666666667
1 0.73136 0.226625 0.00496 0.02875
0 0.00802 0.8620833333333333 0.01604 0.13829166666666665