0 0.10256 0.8974166666666666 0.07072 0.20512499999999997
0 0.09526000000000001 0.4895833333333333 0.062259999999999996 0.15866666666666665
0 0.16908 0.5 0.06068 0.15066666666666664
0 0.24559999999999998 0.8637916666666666 0.08608 0.1955
0 0.3583 0.9775833333333334 0.07164 0.04483333333333333
0 0.31908 0.8365416666666667 0.08220000000000001 0.17629166666666668
0 0.38752 0.8180833333333334 0.09602 0.1875
0 0.6297999999999999 0.9247083333333334 0.0729 0.15058333333333335
0 0.53366 0.7355416666666666 0.08062000000000001 0.21475
0 0.34598 0.4887916666666667 0.08528 0.15062499999999998
0 0.1687 0.13941666666666666 0.08762 0.07370833333333333
0 0.45444 0.7860416666666666 0.07909999999999999 0.1875
0 0.45176 0.9575416666666666 0.0755 0.08491666666666667
0 0.17408 0.879 0.07529999999999999 0.20995833333333333
0 0.59558 0.7107500000000001 0.0829 0.19070833333333334
0 0.02976 0.9030416666666666 0.0595 0.19391666666666665
0 0.24562 0.4952083333333333 0.06606000000000001 0.14741666666666667
0 0.51174 0.20995833333333333 0.07704000000000001 0.08333333333333333
0 0.039880000000000006 0.5 0.05458 0.15383333333333335
0 0.0595 0.2828333333333333 0.10618000000000001 0.08175
0 0.23908000000000001 0.263625 0.09146 0.08491666666666667
0 0.37251999999999996 0.15945833333333334 0.07834 0.07533333333333332
0 0.05066 0.14904166666666668 0.09156 0.08654166666666667
0 0.62058 0.09775 0.06828000000000001 0.07691666666666667
0 0.88054 0.05608333333333334 0.04976 0.06091666666666666
1 0.70902 0.8269166666666667 0.0175 0.07691666666666667
1 0.68596 0.8149166666666667 0.019420000000000003 0.07854166666666668
0 0.6821200000000001 0.64425 0.08402 0.1795
0 0.63212 0.3229166666666667 0.06674 0.11699999999999999
0 0.73056 0.11858333333333333 0.0575 0.07050000000000001
0 0.7847799999999999 0.035250000000000004 0.05824 0.0545
0 0.88554 0.015208333333333332 0.03822 0.03045833333333333
0 0.96208 0.012 0.02822 0.024041666666666666