0 0.62798 0.9139583333333333 0.06644 0.172125
0 0.293 0.8424583333333333 0.0752 0.202375
0 0.55304 0.7300833333333333 0.07890000000000001 0.17766666666666667
0 0.35342 0.4741666666666667 0.038880000000000005 0.13649999999999998
0 0.20632 0.50125 0.05528 0.122375
0 0.060340000000000005 0.5135833333333334 0.054759999999999996 0.12825
0 0.11992 0.13883333333333334 0.07676000000000001 0.07529166666666667
0 0.9922799999999999 0.7808333333333334 0.015439999999999999 0.07408333333333333
1 0.68864 0.28941666666666666 0.0068200000000000005 0.049374999999999995
0 0.7741399999999999 0.08908333333333333 0.05756 0.06608333333333333
0 0.12774 0.509375 0.054520000000000006 0.15483333333333332