0 0.01168 0.29008333333333336 0.02336 0.080125
0 0.17718 0.20270833333333332 0.09082 0.09133333333333334
0 0.045259999999999995 0.08895833333333333 0.08694 0.09133333333333334
0 0.16254 0.08091666666666668 0.08608 0.07854166666666668
0 0.03642 0.4623333333333333 0.0554 0.18429166666666666
0 0.15024 0.455125 0.06302 0.14425
0 0.21986 0.4295 0.07146 0.17629166666666668
0 0.34446 0.4399166666666667 0.08834 0.15866666666666665
0 0.24292 0.8060833333333334 0.08684 0.22116666666666665
0 0.11988 0.9847916666666666 0.0485 0.03045833333333333
0 0.25294 0.9615416666666667 0.08392000000000001 0.07691666666666667
0 0.3483 0.9559166666666666 0.0824 0.088125
0 0.44983999999999996 0.9350833333333333 0.08242000000000001 0.12979166666666667
0 0.5448200000000001 0.911875 0.06938 0.17629166666666668
0 0.62174 0.8757916666666666 0.06786 0.20991666666666667
0 0.5348200000000001 0.6882916666666666 0.05244 0.19712500000000002
0 0.4502 0.73075 0.09218000000000001 0.20191666666666666
0 0.3733 0.740375 0.07834 0.16987500000000003
0 0.31908 0.7972916666666666 0.08220000000000001 0.19712500000000002
0 0.60942 0.2612083333333333 0.05522 0.12179166666666667
0 0.74134 0.084125 0.07479999999999999 0.09133333333333334